[gd_scene load_steps=24 format=3 uid="uid://dm84nqfsh38yp"]

[ext_resource type="Environment" uid="uid://b7nskufe3ugno" path="res://Scenes/Environments/LevelEnviroment.tres" id="1_q58yo"]
[ext_resource type="Script" uid="uid://geqjn5xl7l6l" path="res://3D/Entities/EntityTrack.cs" id="2_axl12"]
[ext_resource type="PackedScene" uid="uid://cvlcpfuwq1lv4" path="res://3D/Entities/entity_checkpoint.tscn" id="3_v64vm"]
[ext_resource type="PackedScene" uid="uid://cbqp08vfm6n0w" path="res://3D/Models/roadCornerLarger.gltf" id="4_7t8fl"]
[ext_resource type="PackedScene" uid="uid://40svyq6u2xkh" path="res://3D/Models/roadRampLongWall.gltf" id="7_y5y6f"]
[ext_resource type="PackedScene" uid="uid://ggqcktdasnoj" path="res://3D/Models/roadRampLongCurvedWall.gltf" id="8_wyb0a"]
[ext_resource type="PackedScene" uid="uid://dlbbya130wqhh" path="res://3D/Models/roadStraightlong.gltf" id="9_g6mtm"]
[ext_resource type="PackedScene" uid="uid://b6mcp3dxfp42y" path="res://3D/Models/roadStraightsmallarrow.gltf" id="9_uek8m"]
[ext_resource type="PackedScene" uid="uid://bwbkgr42iohpk" path="res://3D/Models/roadCornerSmall.gltf" id="11_nny4h"]
[ext_resource type="PackedScene" uid="uid://dvg027t0e671b" path="res://3D/Models/roadStraightwidelong.gltf" id="12_xby5x"]
[ext_resource type="PackedScene" uid="uid://cogvjvwoonthm" path="res://3D/Models/roadStraightwideenterlong.gltf" id="13_6uyv5"]
[ext_resource type="PackedScene" uid="uid://cjqsf66xhghl7" path="res://3D/Prototype/Kenny_City/building-k.glb" id="16_wibqm"]
[ext_resource type="PackedScene" uid="uid://bbpn4gqci4asi" path="res://3D/Prototype/Kenny_City/building-b.glb" id="17_465gd"]
[ext_resource type="PackedScene" uid="uid://ccwearbguulpd" path="res://3D/Prototype/Kenny_City/building-skyscraper-e.glb" id="18_hu28u"]
[ext_resource type="PackedScene" uid="uid://dc0or27mjibxg" path="res://3D/Prototype/Kenny_City/low-detail-building-c.glb" id="19_2d7q2"]
[ext_resource type="PackedScene" uid="uid://bbp52jbroxjcp" path="res://3D/Prototype/Kenny_City/building-h.glb" id="20_f3ml6"]
[ext_resource type="PackedScene" uid="uid://c60ycfmlh2ig" path="res://3D/Props/palms.tscn" id="21_2d7q2"]
[ext_resource type="Texture2D" uid="uid://dhojn25qmrh3b" path="res://Texture/Grid Floor.png" id="29_4pnrw"]
[ext_resource type="PackedScene" uid="uid://sqnf5jr36lky" path="res://3D/Models/Background_BeachHouse.gltf" id="30_ccthw"]
[ext_resource type="PackedScene" uid="uid://bvua7x2gcfw2v" path="res://3D/Models/Background_Graveyard.gltf" id="31_sg8m2"]
[ext_resource type="PackedScene" uid="uid://e66qnpu7wvjk" path="res://3D/Models/Background_PalmTree.gltf" id="32_e7esy"]

[sub_resource type="PlaneMesh" id="PlaneMesh_kt8ye"]
size = Vector2(512, 512)

[sub_resource type="StandardMaterial3D" id="StandardMaterial3D_443p8"]
albedo_texture = ExtResource("29_4pnrw")
uv1_scale = Vector3(32, 32, 32)

[node name="Level Keith" type="Node3D"]

[node name="WorldEnvironment" type="WorldEnvironment" parent="."]
environment = ExtResource("1_q58yo")

[node name="DirectionalLight3D" type="DirectionalLight3D" parent="."]
transform = Transform3D(0.16329, 0.734871, -0.658256, 0, 0.667211, 0.744869, 0.986578, -0.12163, 0.108949, -8.68963, 9.91288, 1.39199)
metadata/_edit_lock_ = true

[node name="Ground" type="Node3D" parent="."]
metadata/_edit_lock_ = true

[node name="Track" type="Node3D" parent="." node_paths=PackedStringArray("_checkpoints")]
transform = Transform3D(1, 0, 0, 0, 1, 0, 0, 0, 1, 0.002, 0, 0.001)
script = ExtResource("2_axl12")
_checkpoints = [NodePath("Checkpoints/EntityCheckpoint1"), NodePath("Checkpoints/EntityCheckpoint2"), NodePath("Checkpoints/EntityCheckpoint3"), NodePath("Checkpoints/EntityCheckpoint4"), NodePath("Checkpoints/EntityCheckpoint5"), NodePath("Checkpoints/EntityCheckpoint6"), NodePath("Checkpoints/EntityCheckpoint7"), NodePath("Checkpoints/EntityCheckpoint8")]

[node name="Checkpoints" type="Node3D" parent="Track"]

[node name="EntityCheckpoint1" parent="Track/Checkpoints" node_paths=PackedStringArray("_labels") instance=ExtResource("3_v64vm")]
transform = Transform3D(1, 0, 6.35732e-08, 0, 1, 0, -6.35732e-08, 0, 1, 194.344, 0.520416, 3.3211)
_labels = []

[node name="EntityCheckpoint2" parent="Track/Checkpoints" node_paths=PackedStringArray("_labels") instance=ExtResource("3_v64vm")]
transform = Transform3D(-7.50991e-08, 0, 1, 0, 1, 0, -0.7, 0, -1.07284e-07, 156.16, -0.945889, -161.851)
_labels = []

[node name="EntityCheckpoint3" parent="Track/Checkpoints" node_paths=PackedStringArray("_labels") instance=ExtResource("3_v64vm")]
transform = Transform3D(-0.7, 0, -1.50996e-07, 0, 1, 0, 1.05697e-07, 0, -1, 119.344, -0.945889, 41.4506)
_labels = []

[node name="EntityCheckpoint4" parent="Track/Checkpoints" node_paths=PackedStringArray("_labels") instance=ExtResource("3_v64vm")]
transform = Transform3D(1.7524e-07, 0, -1, 0, 1, 0, 0.7, 0, 2.50344e-07, 205.756, -0.945889, 287.847)
_labels = []

[node name="EntityCheckpoint5" parent="Track/Checkpoints" node_paths=PackedStringArray("_labels") instance=ExtResource("3_v64vm")]
transform = Transform3D(0.7, 0, 6.3573e-08, 0, 1, 0, -4.45011e-08, 0, 1, 270.362, -0.945899, 166.798)
_labels = []

[node name="EntityCheckpoint6" parent="Track/Checkpoints" node_paths=PackedStringArray("_labels") instance=ExtResource("3_v64vm")]
transform = Transform3D(-0.494975, 0, -0.707107, 0, 1, 0, 0.494975, 0, -0.707107, 384.938, -0.945899, 84.5534)
_labels = []

[node name="EntityCheckpoint7" parent="Track/Checkpoints" node_paths=PackedStringArray("_labels") instance=ExtResource("3_v64vm")]
transform = Transform3D(-7.50991e-08, 0, 1, 0, 1, 0, -0.7, 0, -1.07284e-07, 359.416, -0.945899, 214.266)
_labels = []

[node name="EntityCheckpoint8" parent="Track/Checkpoints" node_paths=PackedStringArray("_labels") instance=ExtResource("3_v64vm")]
transform = Transform3D(-1.97491e-07, 0, 1, 0, 1, 0, -0.7, 0, -2.8213e-07, 235.79, 0.907279, 213.727)
_labels = []

[node name="Road" type="Node3D" parent="Track"]
metadata/_edit_lock_ = true

[node name="roadCornerLarger14" parent="Track/Road" instance=ExtResource("4_7t8fl")]
transform = Transform3D(-4.37114e-08, 0, -1, 0, 1, 0, 1, 0, -4.37114e-08, 230.709, -1.78814e-07, 221.049)
metadata/_edit_lock_ = true

[node name="roadCornerLarger15" parent="Track/Road" instance=ExtResource("4_7t8fl")]
transform = Transform3D(1, 0, -2.13163e-14, 0, 1, 0, 2.13163e-14, 0, 1, 277.666, -1.78814e-07, 251.038)

[node name="roadCornerLarger16" parent="Track/Road" instance=ExtResource("4_7t8fl")]
transform = Transform3D(-4.37114e-08, 0, -1, 0, 1, 0, 1, 0, -4.37114e-08, 171.549, -1.78814e-07, 295.038)
metadata/_edit_lock_ = true

[node name="roadStraightlong6" parent="Track/Road" instance=ExtResource("9_g6mtm")]
transform = Transform3D(-1, 0, 8.74228e-08, 0, 1, 0, -8.74228e-08, 0, -1, 186.709, -1.78814e-07, 86.0485)

[node name="roadStraightlong9" parent="Track/Road" instance=ExtResource("9_g6mtm")]
transform = Transform3D(-1, 0, 8.74228e-08, 0, 1, 0, -8.74228e-08, 0, -1, 186.709, -1.78814e-07, 116.049)

[node name="roadStraightlong12" parent="Track/Road" instance=ExtResource("9_g6mtm")]
transform = Transform3D(-1, 0, 8.74228e-08, 0, 1, 0, -8.74228e-08, 0, -1, 186.709, -1.78814e-07, 146.049)

[node name="roadStraightlong7" parent="Track/Road" instance=ExtResource("9_g6mtm")]
transform = Transform3D(-1, 0, 8.74228e-08, 0, 1, 0, -8.74228e-08, 0, -1, 186.709, -1.78814e-07, -93.9515)
metadata/_edit_lock_ = true

[node name="roadStraightlong8" parent="Track/Road" instance=ExtResource("9_g6mtm")]
transform = Transform3D(-1, 0, 8.74228e-08, 0, 1, 0, -8.74228e-08, 0, -1, 112.709, -1.78814e-07, -94.9514)
metadata/_edit_lock_ = true

[node name="roadStraightlong11" parent="Track/Road" instance=ExtResource("9_g6mtm")]
transform = Transform3D(-1, 0, 8.74228e-08, 0, 1, 0, -8.74228e-08, 0, -1, 112.709, -1.78814e-07, -64.9514)
metadata/_edit_lock_ = true

[node name="roadStraightlong14" parent="Track/Road" instance=ExtResource("9_g6mtm")]
transform = Transform3D(-1, 0, 8.74228e-08, 0, 1, 0, -8.74228e-08, 0, -1, 112.709, -1.78814e-07, -34.9514)
metadata/_edit_lock_ = true

[node name="roadStraightlong15" parent="Track/Road" instance=ExtResource("9_g6mtm")]
transform = Transform3D(-1, 0, 8.74228e-08, 0, 1, 0, -8.74228e-08, 0, -1, 112.709, -1.78814e-07, -4.95138)
metadata/_edit_lock_ = true

[node name="roadStraightlong16" parent="Track/Road" instance=ExtResource("9_g6mtm")]
transform = Transform3D(-1, 0, 8.74228e-08, 0, 1, 0, -8.74228e-08, 0, -1, 112.709, -1.78814e-07, 25.0486)
metadata/_edit_lock_ = true

[node name="roadStraightlong17" parent="Track/Road" instance=ExtResource("9_g6mtm")]
transform = Transform3D(-1, 0, 8.74228e-08, 0, 1, 0, -8.74228e-08, 0, -1, 112.709, -1.78814e-07, 55.0486)
metadata/_edit_lock_ = true

[node name="roadStraightlong28" parent="Track/Road" instance=ExtResource("9_g6mtm")]
transform = Transform3D(-1, 0, 8.74228e-08, 0, 1, 0, -8.74228e-08, 0, -1, 112.709, -1.78814e-07, 85.0486)
metadata/_edit_lock_ = true

[node name="roadStraightlong29" parent="Track/Road" instance=ExtResource("9_g6mtm")]
transform = Transform3D(-1, 0, 8.74228e-08, 0, 1, 0, -8.74228e-08, 0, -1, 112.709, -1.78814e-07, 115.049)
metadata/_edit_lock_ = true

[node name="roadStraightlong30" parent="Track/Road" instance=ExtResource("9_g6mtm")]
transform = Transform3D(-1, 0, 8.74228e-08, 0, 1, 0, -8.74228e-08, 0, -1, 112.709, -1.78814e-07, 145.049)
metadata/_edit_lock_ = true

[node name="roadStraightlong31" parent="Track/Road" instance=ExtResource("9_g6mtm")]
transform = Transform3D(-1, 0, 8.74228e-08, 0, 1, 0, -8.74228e-08, 0, -1, 127.549, -1.78814e-07, 190.038)
metadata/_edit_lock_ = true

[node name="roadStraightlong32" parent="Track/Road" instance=ExtResource("9_g6mtm")]
transform = Transform3D(-1, 0, 8.74228e-08, 0, 1, 0, -8.74228e-08, 0, -1, 127.549, -1.78814e-07, 220.038)
metadata/_edit_lock_ = true

[node name="roadStraightlong33" parent="Track/Road" instance=ExtResource("9_g6mtm")]
transform = Transform3D(-1, 0, 8.74228e-08, 0, 1, 0, -8.74228e-08, 0, -1, 127.549, -1.78814e-07, 250.038)
metadata/_edit_lock_ = true

[node name="roadStraightlong34" parent="Track/Road" instance=ExtResource("9_g6mtm")]
transform = Transform3D(1.31134e-07, 0, 1, 0, 1, 0, -1, 0, 1.31134e-07, 171.549, -1.78814e-07, 280.038)
metadata/_edit_lock_ = true

[node name="roadStraightlong35" parent="Track/Road" instance=ExtResource("9_g6mtm")]
transform = Transform3D(1.31134e-07, 0, 1.03724, 0, 1, 0, -1, 0, 1.36018e-07, 201.549, -1.78814e-07, 280.038)
metadata/_edit_lock_ = true

[node name="roadStraightlong10" parent="Track/Road" instance=ExtResource("9_g6mtm")]
transform = Transform3D(-1, 0, 8.74228e-08, 0, 1, 0, -8.74228e-08, 0, -1, 186.709, -1.78814e-07, -63.9515)
metadata/_edit_lock_ = true

[node name="roadStraightlong13" parent="Track/Road" instance=ExtResource("9_g6mtm")]
transform = Transform3D(-1, 0, 8.74228e-08, 0, 1, 0, -8.74228e-08, 0, -1, 186.709, -1.78814e-07, -33.9515)
metadata/_edit_lock_ = true

[node name="roadStraightlong18" parent="Track/Road" instance=ExtResource("9_g6mtm")]
transform = Transform3D(-1, 0, 8.74228e-08, 0, 1, 0, -8.74228e-08, 0, -1, 186.709, -1.78814e-07, 176.049)
metadata/_edit_lock_ = true

[node name="roadStraightlong19" parent="Track/Road" instance=ExtResource("9_g6mtm")]
transform = Transform3D(-1, 0, 8.74228e-08, 0, 1, 0, -8.74228e-08, 0, -1, 262.666, -5.96046e-08, 161.038)

[node name="roadStraightlong25" parent="Track/Road" instance=ExtResource("9_g6mtm")]
transform = Transform3D(-1, 0, 8.74228e-08, 0, 1, 0, -8.74228e-08, 0, -1, 262.666, -5.96046e-08, 191.038)

[node name="roadStraightlong26" parent="Track/Road" instance=ExtResource("9_g6mtm")]
transform = Transform3D(-1, 0, 8.74228e-08, 0, 1, 0, -8.74228e-08, 0, -1, 262.666, -5.96046e-08, 221.038)

[node name="roadStraightlong27" parent="Track/Road" instance=ExtResource("9_g6mtm")]
transform = Transform3D(-1, 0, 8.74228e-08, 0, 1, 0, -8.74228e-08, 0, -1, 262.666, -1.78814e-07, 251.038)

[node name="roadStraightlong20" parent="Track/Road" instance=ExtResource("9_g6mtm")]
transform = Transform3D(1.31134e-07, 0, 1, 0, 1, 0, -1, 0, 1.31134e-07, 307.666, -5.96046e-08, 72.0381)

[node name="roadStraightlong21" parent="Track/Road" instance=ExtResource("9_g6mtm")]
transform = Transform3D(1.31134e-07, 0, 1, 0, 1, 0, -1, 0, 1.31134e-07, 337.666, 0, 72.0381)

[node name="roadStraightlong24" parent="Track/Road" instance=ExtResource("9_g6mtm")]
transform = Transform3D(1.31134e-07, 0, 1.47555, 0, 1, 0, -1, 0, 1.93495e-07, 322.791, 0, 206.038)
metadata/_edit_lock_ = true

[node name="roadStraightlong22" parent="Track/Road" instance=ExtResource("9_g6mtm")]
transform = Transform3D(1, 0, -1.74846e-07, 0, 1, 0, 1.74846e-07, 0, 1, 411.666, -5.96046e-08, 117.038)

[node name="roadStraightlong23" parent="Track/Road" instance=ExtResource("9_g6mtm")]
transform = Transform3D(1, 0, -1.74846e-07, 0, 1, 0, 1.74846e-07, 0, 1, 411.666, -5.96046e-08, 147.038)

[node name="Node3D" type="Node3D" parent="Track/Road"]

[node name="roadStraightwidelong2" parent="Track/Road" instance=ExtResource("12_xby5x")]
transform = Transform3D(1, 0, 0, 0, 1, 0, 0, 0, 1, 206.709, -3.7998e-07, -3.95147)
metadata/_edit_lock_ = true

[node name="roadStraightwideenterlong2" parent="Track/Road" instance=ExtResource("13_6uyv5")]
transform = Transform3D(1, 0, 0, 0, 1, 0, 0, 0, 1, 201.709, -1.78814e-07, -33.9515)
metadata/_edit_lock_ = true

[node name="roadStraightwideenterlong3" parent="Track/Road" instance=ExtResource("13_6uyv5")]
transform = Transform3D(-1, 0, -8.74228e-08, 0, 1, 0, 8.74228e-08, 0, -1, 186.709, -1.78814e-07, 56.0485)

[node name="roadRampLongWall2" parent="Track/Road" instance=ExtResource("7_y5y6f")]
transform = Transform3D(-4.37114e-08, 0, -1, 0, 1, 0, 1, 0, -4.37114e-08, 307.791, 0, 221.038)
metadata/_edit_lock_ = true

[node name="roadStraightsmallarrow2" parent="Track/Road" instance=ExtResource("9_uek8m")]
transform = Transform3D(-1, 0, -8.74228e-08, 0, 1, 0, 8.74228e-08, 0, -1, 262.666, -5.96046e-08, 131.038)

[node name="roadStraightsmallarrow3" parent="Track/Road" instance=ExtResource("9_uek8m")]
transform = Transform3D(1.31134e-07, 0, -1, 0, 1, 0, 1, 0, 1.31134e-07, 322.791, 0, 221.038)
metadata/_edit_lock_ = true

[node name="roadCornerLarger2" parent="Track/Road" instance=ExtResource("4_7t8fl")]
transform = Transform3D(-1, 0, 8.74228e-08, 0, 1, 0, -8.74228e-08, 0, -1, 262.666, -5.96046e-08, 116.038)

[node name="roadCornerLarger5" parent="Track/Road" instance=ExtResource("4_7t8fl")]
transform = Transform3D(1.31134e-07, 0, 1, 0, 1, 0, -1, 0, 1.31134e-07, 157.709, -1.78814e-07, -168.951)
metadata/_edit_lock_ = true

[node name="roadCornerLarger6" parent="Track/Road" instance=ExtResource("4_7t8fl")]
transform = Transform3D(-1, 0, 8.74228e-08, 0, 1, 0, -8.74228e-08, 0, -1, 112.709, -1.78814e-07, -124.951)
metadata/_edit_lock_ = true

[node name="roadCornerLarger3" parent="Track/Road" instance=ExtResource("4_7t8fl")]
transform = Transform3D(1.31134e-07, 0, 1, 0, 1, 0, -1, 0, 1.31134e-07, 367.666, -5.96046e-08, 72.0379)

[node name="roadCornerLarger4" parent="Track/Road" instance=ExtResource("4_7t8fl")]
transform = Transform3D(1, 0, -1.74846e-07, 0, 1, 0, 1.74846e-07, 0, 1, 411.666, -5.96046e-08, 177.038)
metadata/_edit_lock_ = true

[node name="roadRampLongCurvedWall2" parent="Track/Road" instance=ExtResource("8_wyb0a")]
transform = Transform3D(-4.37114e-08, 0, 1, 0, 1, 0, -1, 0, -4.37114e-08, 230.709, -1.78814e-07, 206.049)
metadata/_edit_lock_ = true

[node name="roadCornerSmall2" parent="Track/Road" instance=ExtResource("11_nny4h")]
transform = Transform3D(-4.37114e-08, 0, -1, 0, 1, 0, 1, 0, -4.37114e-08, 127.709, -1.78814e-07, 160.049)
metadata/_edit_lock_ = true

[node name="roadCornerSmall3" parent="Track/Road" instance=ExtResource("11_nny4h")]
transform = Transform3D(-4.37114e-08, 0, 1, 0, 1, 0, -1, 0, -4.37114e-08, 127.549, -1.78814e-07, 145.038)
metadata/_edit_lock_ = true

[node name="Floor" type="MeshInstance3D" parent="."]
transform = Transform3D(15, 0, 0, 0, 15, 0, 0, 0, 15, 0, -0.05, -19.739)
mesh = SubResource("PlaneMesh_kt8ye")
skeleton = NodePath("../Track")
surface_material_override/0 = SubResource("StandardMaterial3D_443p8")
metadata/_edit_lock_ = true

[node name="Background Assets" parent="." instance=ExtResource("30_ccthw")]
transform = Transform3D(34.2146, 0, 36.4604, 0, 50, 0, -36.4604, 0, 34.2146, -3216.27, 0.155244, 303.423)
metadata/_edit_lock_ = true

[node name="Background_Graveyard2" parent="Background Assets" instance=ExtResource("31_sg8m2")]
transform = Transform3D(-0.979508, 0, -0.201403, 0, 1, 0, 0.201403, 0, -0.979508, 41.83, 0, 0.324329)

[node name="Background_BeachHouse3" parent="Background Assets" instance=ExtResource("30_ccthw")]
transform = Transform3D(-0.0322306, 0, 0.99948, 0, 1, 0, -0.99948, 0, -0.0322306, 17.0808, 0, 63.8632)

[node name="Background_Graveyard3" parent="Background Assets" instance=ExtResource("31_sg8m2")]
transform = Transform3D(0.232868, 0, -0.972508, 0, 1, 0, 0.972508, 0, 0.232868, 16.0567, 0, 22.0446)

[node name="Background_BeachHouse4" parent="Background Assets" instance=ExtResource("30_ccthw")]
transform = Transform3D(-0.545561, 0, -0.838071, 0, 1, 0, 0.838071, 0, -0.545561, 110.707, 0, 19.6756)

[node name="Background_Graveyard4" parent="Background Assets" instance=ExtResource("31_sg8m2")]
transform = Transform3D(0.365592, 0, 0.930775, 0, 1, 0, -0.930775, 0, 0.365592, 87.6141, 0, 54.5551)

[node name="Background_Graveyard5" parent="Background Assets" instance=ExtResource("31_sg8m2")]
transform = Transform3D(-0.942075, 0, 0.335402, 0, 1, 0, -0.335402, 0, -0.942075, 58.4404, 0, 17.4793)

[node name="Background_PalmTree2" parent="Background Assets" instance=ExtResource("32_e7esy")]
transform = Transform3D(0.52562, 0, 0.850719, 0, 1, 0, -0.850719, 0, 0.52562, 50.5278, 0, -63.0763)

[node name="Background_PalmTree3" parent="Background Assets/Background_PalmTree2" instance=ExtResource("32_e7esy")]
transform = Transform3D(0.225716, 0, 0.974193, 0, 1, 0, -0.974193, 0, 0.225716, -4.02957, -0.113459, -0.929859)

[node name="Background_PalmTree4" parent="Background Assets/Background_PalmTree2" instance=ExtResource("32_e7esy")]
transform = Transform3D(1, 0, -2.98023e-08, 0, 1, 0, 2.98023e-08, 0, 1, -2.8396, 0, -1.19652)

[node name="Background_PalmTree5" parent="Background Assets/Background_PalmTree2" instance=ExtResource("32_e7esy")]
transform = Transform3D(0.225716, 0, 0.974193, 0, 1, 0, -0.974193, 0, 0.225716, -6.86917, -0.113459, -2.12637)

[node name="Background_PalmTree6" parent="Background Assets/Background_PalmTree2" instance=ExtResource("32_e7esy")]
transform = Transform3D(1, 0, -2.98023e-08, 0, 1, 0, 2.98023e-08, 0, 1, -8.71723, 0, -2.2356)

[node name="Background_PalmTree7" parent="Background Assets/Background_PalmTree2" instance=ExtResource("32_e7esy")]
transform = Transform3D(0.225716, 0, 0.974193, 0, 1, 0, -0.974193, 0, 0.225716, -12.7468, -0.113459, -3.16545)

[node name="Background_PalmTree8" parent="Background Assets/Background_PalmTree2" instance=ExtResource("32_e7esy")]
transform = Transform3D(1, 0, -2.98023e-08, 0, 1, 0, 2.98023e-08, 0, 1, -11.5568, 0, -3.43212)

[node name="Background_PalmTree9" parent="Background Assets/Background_PalmTree2" instance=ExtResource("32_e7esy")]
transform = Transform3D(0.225716, 0, 0.974193, 0, 1, 0, -0.974193, 0, 0.225716, -15.5864, -0.113459, -4.36197)

[node name="Background_PalmTree10" parent="Background Assets/Background_PalmTree2" instance=ExtResource("32_e7esy")]
transform = Transform3D(1, 0, -2.98023e-08, 0, 1, 0, 2.98023e-08, 0, 1, -16.381, 0.374647, -2.92112)

[node name="Background_PalmTree11" parent="Background Assets/Background_PalmTree2" instance=ExtResource("32_e7esy")]
transform = Transform3D(0.225716, 0, 0.974193, 0, 1, 0, -0.974193, 0, 0.225716, -20.4106, 0.261188, -3.85098)

[node name="Background_PalmTree12" parent="Background Assets/Background_PalmTree2" instance=ExtResource("32_e7esy")]
transform = Transform3D(1, 0, -2.98023e-08, 0, 1, 0, 2.98023e-08, 0, 1, -19.2206, 0.374647, -4.11764)

[node name="Background_PalmTree13" parent="Background Assets/Background_PalmTree2" instance=ExtResource("32_e7esy")]
transform = Transform3D(0.225716, 0, 0.974193, 0, 1, 0, -0.974193, 0, 0.225716, -23.2502, 0.261188, -5.04749)

[node name="Background_PalmTree14" parent="Background Assets/Background_PalmTree2" instance=ExtResource("32_e7esy")]
transform = Transform3D(1, 0, -2.98023e-08, 0, 1, 0, 2.98023e-08, 0, 1, -25.0982, 0.374647, -5.15672)

[node name="Background_PalmTree15" parent="Background Assets/Background_PalmTree2" instance=ExtResource("32_e7esy")]
transform = Transform3D(0.225716, 0, 0.974193, 0, 1, 0, -0.974193, 0, 0.225716, -29.1278, 0.261188, -6.08657)

[node name="Background_PalmTree16" parent="Background Assets/Background_PalmTree2" instance=ExtResource("32_e7esy")]
transform = Transform3D(1, 0, -2.98023e-08, 0, 1, 0, 2.98023e-08, 0, 1, -27.9378, 0.374647, -6.35324)

[node name="Background_PalmTree17" parent="Background Assets/Background_PalmTree2" instance=ExtResource("32_e7esy")]
transform = Transform3D(0.225716, 0, 0.974193, 0, 1, 0, -0.974193, 0, 0.225716, -31.9674, 0.261188, -7.28309)

[node name="Background_PalmTree18" parent="Background Assets/Background_PalmTree2" instance=ExtResource("32_e7esy")]
transform = Transform3D(1, 0, -2.98023e-08, 0, 1, 0, 2.98023e-08, 0, 1, -32.708, 0, -7.67148)

[node name="Background_PalmTree19" parent="Background Assets/Background_PalmTree2" instance=ExtResource("32_e7esy")]
transform = Transform3D(0.225716, 0, 0.974193, 0, 1, 0, -0.974193, 0, 0.225716, -36.7376, -0.113459, -8.60134)

[node name="Background_PalmTree20" parent="Background Assets/Background_PalmTree2" instance=ExtResource("32_e7esy")]
transform = Transform3D(1, 0, -2.98023e-08, 0, 1, 0, 2.98023e-08, 0, 1, -35.5476, 0, -8.868)

[node name="Background_PalmTree21" parent="Background Assets/Background_PalmTree2" instance=ExtResource("32_e7esy")]
transform = Transform3D(0.225716, 0, 0.974193, 0, 1, 0, -0.974193, 0, 0.225716, -39.5772, -0.113459, -9.79786)

[node name="Background_PalmTree22" parent="Background Assets/Background_PalmTree2" instance=ExtResource("32_e7esy")]
transform = Transform3D(1, 0, -2.98023e-08, 0, 1, 0, 2.98023e-08, 0, 1, -41.4252, 0, -9.90709)

[node name="Background_PalmTree23" parent="Background Assets/Background_PalmTree2" instance=ExtResource("32_e7esy")]
transform = Transform3D(0.225716, 0, 0.974193, 0, 1, 0, -0.974193, 0, 0.225716, -45.4548, -0.113459, -10.8369)

[node name="Background_PalmTree24" parent="Background Assets/Background_PalmTree2" instance=ExtResource("32_e7esy")]
transform = Transform3D(1, 0, -2.98023e-08, 0, 1, 0, 2.98023e-08, 0, 1, -44.2648, 0, -11.1036)

[node name="Background_PalmTree25" parent="Background Assets/Background_PalmTree2" instance=ExtResource("32_e7esy")]
transform = Transform3D(0.225716, 0, 0.974193, 0, 1, 0, -0.974193, 0, 0.225716, -48.2944, -0.113459, -12.0335)

[node name="Background_PalmTree26" parent="Background Assets/Background_PalmTree2" instance=ExtResource("32_e7esy")]
transform = Transform3D(1, 0, -2.98023e-08, 0, 1, 0, 2.98023e-08, 0, 1, -49.089, 0.374647, -10.5926)

[node name="Background_PalmTree27" parent="Background Assets/Background_PalmTree2" instance=ExtResource("32_e7esy")]
transform = Transform3D(0.225716, 0, 0.974193, 0, 1, 0, -0.974193, 0, 0.225716, -53.1186, 0.261188, -11.5225)

[node name="Background_PalmTree28" parent="Background Assets/Background_PalmTree2" instance=ExtResource("32_e7esy")]
transform = Transform3D(1, 0, -2.98023e-08, 0, 1, 0, 2.98023e-08, 0, 1, -51.9286, 0.374647, -11.7891)

[node name="Background_PalmTree29" parent="Background Assets/Background_PalmTree2" instance=ExtResource("32_e7esy")]
transform = Transform3D(0.225716, 0, 0.974193, 0, 1, 0, -0.974193, 0, 0.225716, -55.9582, 0.261188, -12.719)

[node name="Background_PalmTree30" parent="Background Assets/Background_PalmTree2" instance=ExtResource("32_e7esy")]
transform = Transform3D(1, 0, -2.98023e-08, 0, 1, 0, 2.98023e-08, 0, 1, -57.8063, 0.374647, -12.8282)

[node name="Background_PalmTree31" parent="Background Assets/Background_PalmTree2" instance=ExtResource("32_e7esy")]
transform = Transform3D(0.225716, 0, 0.974193, 0, 1, 0, -0.974193, 0, 0.225716, -61.8358, 0.261188, -13.7581)

[node name="Background_PalmTree32" parent="Background Assets/Background_PalmTree2" instance=ExtResource("32_e7esy")]
transform = Transform3D(1, 0, -2.98023e-08, 0, 1, 0, 2.98023e-08, 0, 1, -60.6459, 0.374647, -14.0247)

[node name="Background_PalmTree33" parent="Background Assets/Background_PalmTree2" instance=ExtResource("32_e7esy")]
transform = Transform3D(0.225716, 0, 0.974193, 0, 1, 0, -0.974193, 0, 0.225716, -64.6754, 0.261188, -14.9546)

[node name="Background_PalmTree34" parent="Background Assets/Background_PalmTree2" instance=ExtResource("32_e7esy")]
transform = Transform3D(0.225716, 0, 0.974193, 0, 1, 0, -0.974193, 0, 0.225716, -68.4221, -0.113459, -16.6132)

[node name="Background_PalmTree35" parent="Background Assets/Background_PalmTree2" instance=ExtResource("32_e7esy")]
transform = Transform3D(1, 0, -2.98023e-08, 0, 1, 0, 2.98023e-08, 0, 1, -67.2321, 0, -16.8799)

[node name="Background_PalmTree36" parent="Background Assets/Background_PalmTree2" instance=ExtResource("32_e7esy")]
transform = Transform3D(0.225716, 0, 0.974193, 0, 1, 0, -0.974193, 0, 0.225716, -71.2617, -0.113459, -17.8097)

[node name="Background_PalmTree37" parent="Background Assets/Background_PalmTree2" instance=ExtResource("32_e7esy")]
transform = Transform3D(1, 0, -2.98023e-08, 0, 1, 0, 2.98023e-08, 0, 1, -73.1097, 0, -17.919)

[node name="Background_PalmTree38" parent="Background Assets/Background_PalmTree2" instance=ExtResource("32_e7esy")]
transform = Transform3D(0.225716, 0, 0.974193, 0, 1, 0, -0.974193, 0, 0.225716, -77.1393, -0.113459, -18.8488)

[node name="Background_PalmTree39" parent="Background Assets/Background_PalmTree2" instance=ExtResource("32_e7esy")]
transform = Transform3D(1, 0, -2.98023e-08, 0, 1, 0, 2.98023e-08, 0, 1, -75.9493, 0, -19.1155)

[node name="Background_PalmTree40" parent="Background Assets/Background_PalmTree2" instance=ExtResource("32_e7esy")]
transform = Transform3D(0.225716, 0, 0.974193, 0, 1, 0, -0.974193, 0, 0.225716, -79.9789, -0.113459, -20.0453)

[node name="Background_PalmTree41" parent="Background Assets/Background_PalmTree2" instance=ExtResource("32_e7esy")]
transform = Transform3D(1, 0, -2.98023e-08, 0, 1, 0, 2.98023e-08, 0, 1, -80.7735, 0.374647, -18.6045)

[node name="Background_PalmTree42" parent="Background Assets/Background_PalmTree2" instance=ExtResource("32_e7esy")]
transform = Transform3D(0.225716, 0, 0.974193, 0, 1, 0, -0.974193, 0, 0.225716, -84.8031, 0.261188, -19.5343)

[node name="Background_PalmTree43" parent="Background Assets/Background_PalmTree2" instance=ExtResource("32_e7esy")]
transform = Transform3D(1, 0, -2.98023e-08, 0, 1, 0, 2.98023e-08, 0, 1, -83.6131, 0.374647, -19.801)

[node name="Background_PalmTree44" parent="Background Assets/Background_PalmTree2" instance=ExtResource("32_e7esy")]
transform = Transform3D(0.225716, 0, 0.974193, 0, 1, 0, -0.974193, 0, 0.225716, -87.6427, 0.261188, -20.7308)

[node name="Background_PalmTree45" parent="Background Assets/Background_PalmTree2" instance=ExtResource("32_e7esy")]
transform = Transform3D(1, 0, -2.98023e-08, 0, 1, 0, 2.98023e-08, 0, 1, -89.4907, 0.374647, -20.8401)

[node name="Background_PalmTree46" parent="Background Assets/Background_PalmTree2" instance=ExtResource("32_e7esy")]
transform = Transform3D(0.225716, 0, 0.974193, 0, 1, 0, -0.974193, 0, 0.225716, -93.5203, 0.261188, -21.7699)

[node name="Background_PalmTree47" parent="Background Assets/Background_PalmTree2" instance=ExtResource("32_e7esy")]
transform = Transform3D(1, 0, -2.98023e-08, 0, 1, 0, 2.98023e-08, 0, 1, -92.3304, 0.374647, -22.0366)

[node name="Background_PalmTree48" parent="Background Assets/Background_PalmTree2" instance=ExtResource("32_e7esy")]
transform = Transform3D(0.225716, 0, 0.974193, 0, 1, 0, -0.974193, 0, 0.225716, -96.3599, 0.261188, -22.9664)

[node name="Background_PalmTree49" parent="Background Assets/Background_PalmTree2" instance=ExtResource("32_e7esy")]
transform = Transform3D(1, 0, -2.98023e-08, 0, 1, 0, 2.98023e-08, 0, 1, -97.1005, 0, -23.3548)

[node name="Background_PalmTree50" parent="Background Assets/Background_PalmTree2" instance=ExtResource("32_e7esy")]
transform = Transform3D(0.225716, 0, 0.974193, 0, 1, 0, -0.974193, 0, 0.225716, -101.13, -0.113459, -24.2847)

[node name="Background_PalmTree51" parent="Background Assets/Background_PalmTree2" instance=ExtResource("32_e7esy")]
transform = Transform3D(1, 0, -2.98023e-08, 0, 1, 0, 2.98023e-08, 0, 1, -99.9401, 0, -24.5513)

[node name="Background_PalmTree52" parent="Background Assets/Background_PalmTree2" instance=ExtResource("32_e7esy")]
transform = Transform3D(0.225716, 0, 0.974193, 0, 1, 0, -0.974193, 0, 0.225716, -103.97, -0.113459, -25.4812)

[node name="Background_PalmTree53" parent="Background Assets/Background_PalmTree2" instance=ExtResource("32_e7esy")]
transform = Transform3D(1, 0, -2.98023e-08, 0, 1, 0, 2.98023e-08, 0, 1, -105.818, 0, -25.5904)

[node name="Background_PalmTree54" parent="Background Assets/Background_PalmTree2" instance=ExtResource("32_e7esy")]
transform = Transform3D(0.225716, 0, 0.974193, 0, 1, 0, -0.974193, 0, 0.225716, -109.847, -0.113459, -26.5203)

[node name="Background_PalmTree55" parent="Background Assets/Background_PalmTree2" instance=ExtResource("32_e7esy")]
transform = Transform3D(1, 0, -2.98023e-08, 0, 1, 0, 2.98023e-08, 0, 1, -108.657, 0, -26.787)

[node name="Background_PalmTree56" parent="Background Assets/Background_PalmTree2" instance=ExtResource("32_e7esy")]
transform = Transform3D(0.225716, 0, 0.974193, 0, 1, 0, -0.974193, 0, 0.225716, -112.687, -0.113459, -27.7168)

[node name="Background_PalmTree57" parent="Background Assets/Background_PalmTree2" instance=ExtResource("32_e7esy")]
transform = Transform3D(1, 0, -2.98023e-08, 0, 1, 0, 2.98023e-08, 0, 1, -113.482, 0.374647, -26.276)

[node name="Background_PalmTree58" parent="Background Assets/Background_PalmTree2" instance=ExtResource("32_e7esy")]
transform = Transform3D(0.225716, 0, 0.974193, 0, 1, 0, -0.974193, 0, 0.225716, -117.511, 0.261188, -27.2058)

[node name="Background_PalmTree59" parent="Background Assets/Background_PalmTree2" instance=ExtResource("32_e7esy")]
transform = Transform3D(1, 0, -2.98023e-08, 0, 1, 0, 2.98023e-08, 0, 1, -116.321, 0.374647, -27.4725)

[node name="Background_PalmTree60" parent="Background Assets/Background_PalmTree2" instance=ExtResource("32_e7esy")]
transform = Transform3D(0.225716, 0, 0.974193, 0, 1, 0, -0.974193, 0, 0.225716, -120.351, 0.261188, -28.4023)

[node name="Background_PalmTree61" parent="Background Assets/Background_PalmTree2" instance=ExtResource("32_e7esy")]
transform = Transform3D(1, 0, -2.98023e-08, 0, 1, 0, 2.98023e-08, 0, 1, -122.199, 0.374647, -28.5116)

[node name="Background_PalmTree62" parent="Background Assets/Background_PalmTree2" instance=ExtResource("32_e7esy")]
transform = Transform3D(0.225716, 0, 0.974193, 0, 1, 0, -0.974193, 0, 0.225716, -126.228, 0.261188, -29.4414)

[node name="Background_PalmTree63" parent="Background Assets/Background_PalmTree2" instance=ExtResource("32_e7esy")]
transform = Transform3D(1, 0, -2.98023e-08, 0, 1, 0, 2.98023e-08, 0, 1, -125.038, 0.374647, -29.7081)

[node name="Background_PalmTree64" parent="Background Assets/Background_PalmTree2" instance=ExtResource("32_e7esy")]
transform = Transform3D(0.225716, 0, 0.974193, 0, 1, 0, -0.974193, 0, 0.225716, -129.068, 0.261188, -30.6379)

[node name="Background_PalmTree65" parent="Background Assets/Background_PalmTree2" instance=ExtResource("32_e7esy")]
transform = Transform3D(-0.980968, 0, 0.194166, 0, 1, 0, -0.194166, 0, -0.980968, -133.427, -0.113459, -30.4055)

[node name="Background_PalmTree66" parent="Background Assets/Background_PalmTree2" instance=ExtResource("32_e7esy")]
transform = Transform3D(-0.0322656, 0, 0.999479, 0, 1, 0, -0.999479, 0, -0.0322656, -133.731, -4.42378e-09, -31.5862)

[node name="Background_PalmTree67" parent="Background Assets/Background_PalmTree2" instance=ExtResource("32_e7esy")]
transform = Transform3D(-0.980968, 0, 0.194166, 0, 1, 0, -0.194166, 0, -0.980968, -134.531, -0.113459, -27.5287)

[node name="Background_PalmTree68" parent="Background Assets/Background_PalmTree2" instance=ExtResource("32_e7esy")]
transform = Transform3D(-0.0322656, 0, 0.999479, 0, 1, 0, -0.999479, 0, -0.0322656, -134.58, -4.42378e-09, -25.6781)

[node name="Background_PalmTree69" parent="Background Assets/Background_PalmTree2" instance=ExtResource("32_e7esy")]
transform = Transform3D(-0.980968, 0, 0.194166, 0, 1, 0, -0.194166, 0, -0.980968, -135.38, -0.113459, -21.6207)

[node name="Background_PalmTree70" parent="Background Assets/Background_PalmTree2" instance=ExtResource("32_e7esy")]
transform = Transform3D(-0.0322656, 0, 0.999479, 0, 1, 0, -0.999479, 0, -0.0322656, -135.685, -4.42378e-09, -22.8014)

[node name="Background_PalmTree71" parent="Background Assets/Background_PalmTree2" instance=ExtResource("32_e7esy")]
transform = Transform3D(-0.980968, 0, 0.194166, 0, 1, 0, -0.194166, 0, -0.980968, -136.484, -0.113459, -18.7439)

[node name="Background_PalmTree72" parent="Background Assets/Background_PalmTree2" instance=ExtResource("32_e7esy")]
transform = Transform3D(-0.0322656, 0, 0.999479, 0, 1, 0, -0.999479, 0, -0.0322656, -135.018, 0.374647, -17.9962)

[node name="Background_PalmTree73" parent="Background Assets/Background_PalmTree2" instance=ExtResource("32_e7esy")]
transform = Transform3D(-0.980968, 0, 0.194166, 0, 1, 0, -0.194166, 0, -0.980968, -135.818, 0.261188, -13.9388)

[node name="Background_PalmTree74" parent="Background Assets/Background_PalmTree2" instance=ExtResource("32_e7esy")]
transform = Transform3D(-0.0322656, 0, 0.999479, 0, 1, 0, -0.999479, 0, -0.0322656, -136.122, 0.374647, -15.1195)

[node name="Background_PalmTree75" parent="Background Assets/Background_PalmTree2" instance=ExtResource("32_e7esy")]
transform = Transform3D(-0.980968, 0, 0.194166, 0, 1, 0, -0.194166, 0, -0.980968, -136.922, 0.261188, -11.062)

[node name="Background_PalmTree76" parent="Background Assets/Background_PalmTree2" instance=ExtResource("32_e7esy")]
transform = Transform3D(-0.0322656, 0, 0.999479, 0, 1, 0, -0.999479, 0, -0.0322656, -136.971, 0.374647, -9.2114)

[node name="Background_PalmTree77" parent="Background Assets/Background_PalmTree2" instance=ExtResource("32_e7esy")]
transform = Transform3D(-0.980968, 0, 0.194166, 0, 1, 0, -0.194166, 0, -0.980968, -137.771, 0.261188, -5.1539)

[node name="Background_PalmTree78" parent="Background Assets/Background_PalmTree2" instance=ExtResource("32_e7esy")]
transform = Transform3D(-0.0322656, 0, 0.999479, 0, 1, 0, -0.999479, 0, -0.0322656, -138.076, 0.374647, -6.3347)

[node name="Background_PalmTree79" parent="Background Assets/Background_PalmTree2" instance=ExtResource("32_e7esy")]
transform = Transform3D(-0.980968, 0, 0.194166, 0, 1, 0, -0.194166, 0, -0.980968, -138.875, 0.261188, -2.27721)

[node name="Background_PalmTree80" parent="Background Assets/Background_PalmTree2" instance=ExtResource("32_e7esy")]
transform = Transform3D(-0.0322656, 0, 0.999479, 0, 1, 0, -0.999479, 0, -0.0322656, -139.239, -4.42378e-09, -1.52446)

[node name="Background_PalmTree81" parent="Background Assets/Background_PalmTree2" instance=ExtResource("32_e7esy")]
transform = Transform3D(-0.980968, 0, 0.194166, 0, 1, 0, -0.194166, 0, -0.980968, -140.039, -0.113459, 2.53302)

[node name="Background_PalmTree82" parent="Background Assets/Background_PalmTree2" instance=ExtResource("32_e7esy")]
transform = Transform3D(-0.0322656, 0, 0.999479, 0, 1, 0, -0.999479, 0, -0.0322656, -140.344, -4.42378e-09, 1.35228)

[node name="Background_PalmTree83" parent="Background Assets/Background_PalmTree2" instance=ExtResource("32_e7esy")]
transform = Transform3D(-0.980968, 0, 0.194166, 0, 1, 0, -0.194166, 0, -0.980968, -141.143, -0.113459, 5.40973)

[node name="Background_PalmTree84" parent="Background Assets/Background_PalmTree2" instance=ExtResource("32_e7esy")]
transform = Transform3D(-0.0322656, 0, 0.999479, 0, 1, 0, -0.999479, 0, -0.0322656, -141.192, -4.42378e-09, 7.26035)

[node name="Background_PalmTree85" parent="Background Assets/Background_PalmTree2" instance=ExtResource("32_e7esy")]
transform = Transform3D(-0.980968, 0, 0.194166, 0, 1, 0, -0.194166, 0, -0.980968, -141.992, -0.113459, 11.3178)

[node name="Background_PalmTree86" parent="Background Assets/Background_PalmTree2" instance=ExtResource("32_e7esy")]
transform = Transform3D(-0.0322656, 0, 0.999479, 0, 1, 0, -0.999479, 0, -0.0322656, -142.297, -4.42378e-09, 10.1371)

[node name="Background_PalmTree87" parent="Background Assets/Background_PalmTree2" instance=ExtResource("32_e7esy")]
transform = Transform3D(-0.980968, 0, 0.194166, 0, 1, 0, -0.194166, 0, -0.980968, -143.096, -0.113459, 14.1946)

[node name="Background_PalmTree88" parent="Background Assets/Background_PalmTree2" instance=ExtResource("32_e7esy")]
transform = Transform3D(-0.0322656, 0, 0.999479, 0, 1, 0, -0.999479, 0, -0.0322656, -141.63, 0.374647, 14.9423)

[node name="Background_PalmTree89" parent="Background Assets/Background_PalmTree2" instance=ExtResource("32_e7esy")]
transform = Transform3D(-0.980968, 0, 0.194166, 0, 1, 0, -0.194166, 0, -0.980968, -142.43, 0.261188, 18.9997)

[node name="Background_PalmTree90" parent="Background Assets/Background_PalmTree2" instance=ExtResource("32_e7esy")]
transform = Transform3D(-0.0322656, 0, 0.999479, 0, 1, 0, -0.999479, 0, -0.0322656, -142.735, 0.374647, 17.819)

[node name="Background_PalmTree91" parent="Background Assets/Background_PalmTree2" instance=ExtResource("32_e7esy")]
transform = Transform3D(-0.980968, 0, 0.194166, 0, 1, 0, -0.194166, 0, -0.980968, -143.534, 0.261188, 21.8765)

[node name="Background_PalmTree92" parent="Background Assets/Background_PalmTree2" instance=ExtResource("32_e7esy")]
transform = Transform3D(-0.0322656, 0, 0.999479, 0, 1, 0, -0.999479, 0, -0.0322656, -143.584, 0.374647, 23.7271)

[node name="Background_PalmTree93" parent="Background Assets/Background_PalmTree2" instance=ExtResource("32_e7esy")]
transform = Transform3D(-0.980968, 0, 0.194166, 0, 1, 0, -0.194166, 0, -0.980968, -144.383, 0.261188, 27.7846)

[node name="Background_PalmTree94" parent="Background Assets/Background_PalmTree2" instance=ExtResource("32_e7esy")]
transform = Transform3D(-0.0322656, 0, 0.999479, 0, 1, 0, -0.999479, 0, -0.0322656, -144.688, 0.374647, 26.6039)

[node name="Background_PalmTree95" parent="Background Assets/Background_PalmTree2" instance=ExtResource("32_e7esy")]
transform = Transform3D(-0.980968, 0, 0.194166, 0, 1, 0, -0.194166, 0, -0.980968, -145.487, 0.261188, 30.6613)

[node name="Background_PalmTree96" parent="Background Assets/Background_PalmTree2" instance=ExtResource("32_e7esy")]
transform = Transform3D(-0.980968, 0, 0.194166, 0, 1, 0, -0.194166, 0, -0.980968, -147.024, -0.113459, 34.4595)

[node name="Background_PalmTree97" parent="Background Assets/Background_PalmTree2" instance=ExtResource("32_e7esy")]
transform = Transform3D(-0.0322656, 0, 0.999479, 0, 1, 0, -0.999479, 0, -0.0322656, -147.329, -4.42378e-09, 33.2788)

[node name="Background_PalmTree98" parent="Background Assets/Background_PalmTree2" instance=ExtResource("32_e7esy")]
transform = Transform3D(-0.980968, 0, 0.194166, 0, 1, 0, -0.194166, 0, -0.980968, -148.128, -0.113459, 37.3362)

[node name="Background_PalmTree99" parent="Background Assets/Background_PalmTree2" instance=ExtResource("32_e7esy")]
transform = Transform3D(-0.0322656, 0, 0.999479, 0, 1, 0, -0.999479, 0, -0.0322656, -148.178, -4.42378e-09, 39.1869)

[node name="Background_PalmTree100" parent="Background Assets/Background_PalmTree2" instance=ExtResource("32_e7esy")]
transform = Transform3D(-0.980968, 0, 0.194166, 0, 1, 0, -0.194166, 0, -0.980968, -148.977, -0.113459, 43.2443)

[node name="Background_PalmTree101" parent="Background Assets/Background_PalmTree2" instance=ExtResource("32_e7esy")]
