[gd_scene load_steps=48 format=3 uid="uid://bs7t7tjyw4eo1"]

[ext_resource type="Script" uid="uid://2jqy0i2iaig4" path="res://Script/GameController.cs" id="1_6vvcf"]
[ext_resource type="Texture2D" uid="uid://2h3qmpnq0584" path="res://3D/Textures/7a3584298ef470fe0aafc146c23d34523b045606.png" id="2_6vvcf"]
[ext_resource type="PackedScene" uid="uid://dbbp0urujgyt" path="res://Scenes/Levels/level_eight.tscn" id="2_124qp"]
[ext_resource type="Texture2D" uid="uid://bdpkysot812ts" path="res://3D/Textures/Sky_T.webp" id="3_cr6v8"]
[ext_resource type="Script" uid="uid://3klfn8jegsue" path="res://Script/GameCamera.cs" id="4_f43ej"]
[ext_resource type="Script" uid="uid://4q83c3lgjfx4" path="res://Script/CarVisualLibrary.cs" id="4_y0yaw"]
[ext_resource type="Script" uid="uid://cc86lg7fm3e7b" path="res://Script/GhostRecorder.cs" id="5_7rq2r"]
[ext_resource type="Script" uid="uid://bys2bi6pmahte" path="res://Script/CarVisual.cs" id="6_yl3ua"]
[ext_resource type="Script" uid="uid://cv0yn3y5gd06l" path="res://3D/Entities/EntityCar.cs" id="7_qolck"]
[ext_resource type="PackedScene" uid="uid://b74jk67lcw66c" path="res://3D/Models/CarCoffin1.gltf" id="8_qolck"]
[ext_resource type="Script" uid="uid://dnlgcp0rpf2mg" path="res://Script/CarController.cs" id="8_ry528"]
[ext_resource type="Script" uid="uid://ck54vpeavsd5i" path="res://3D/Entities/EntityRigidbody3D.cs" id="9_yhlfj"]
[ext_resource type="PackedScene" uid="uid://bna0stgm2f762" path="res://UI/scene_hud.tscn" id="10_gipt1"]
[ext_resource type="PackedScene" uid="uid://pmklrr8m83es" path="res://3D/Models/CarFrame1.gltf" id="11_leul7"]
[ext_resource type="Script" uid="uid://cx8fluhgs0oo3" path="res://UI/PauseScreen.cs" id="12_7rq2r"]
[ext_resource type="PackedScene" uid="uid://ctbhh7ga8tyfp" path="res://3D/Models/CarFrame2.gltf" id="12_wp4mh"]
[ext_resource type="Texture2D" uid="uid://dwkcdhdwgfnss" path="res://UI/Textures/Menu_Base.PNG" id="13_124qp"]
[ext_resource type="PackedScene" uid="uid://ccee5u0vrhm32" path="res://3D/Models/CarFrame3.gltf" id="13_y0yaw"]
[ext_resource type="FontFile" uid="uid://djnxc24f5yy5" path="res://Fonts/Hauser Bold.otf" id="14_qolck"]
[ext_resource type="Script" uid="uid://nsxo67e0ht4p" path="res://Script/CrateVisual.cs" id="14_rsfko"]
[ext_resource type="PackedScene" uid="uid://dkuiqab77qwkj" path="res://3D/Models/CarFrame4.gltf" id="14_yl3ua"]
[ext_resource type="PackedScene" uid="uid://c7aef2omlqdce" path="res://3D/Models/CarCoffin2.gltf" id="15_82uqo"]
[ext_resource type="PackedScene" uid="uid://d1wxxqtmw3dvn" path="res://3D/Models/CarFrame5.gltf" id="15_lko2l"]
[ext_resource type="PackedScene" uid="uid://dea6o1fed6l47" path="res://3D/Models/CarCoffin3.gltf" id="16_bl770"]
[ext_resource type="PackedScene" uid="uid://crmce6sl4nsyh" path="res://3D/Models/CarFrame6.gltf" id="16_em6uu"]
[ext_resource type="PackedScene" uid="uid://sqnf5jr36lky" path="res://3D/Models/Background_BeachHouse.gltf" id="16_yhlfj"]
[ext_resource type="PackedScene" uid="uid://ccd24oqwtn3ss" path="res://3D/Models/CarCoffin4.gltf" id="17_1dmga"]
[ext_resource type="PackedScene" uid="uid://bvua7x2gcfw2v" path="res://3D/Models/Background_Graveyard.gltf" id="17_gipt1"]
[ext_resource type="PackedScene" uid="uid://bt0nsa736uemb" path="res://3D/Models/CarFrame7.gltf" id="17_odb6r"]
[ext_resource type="PackedScene" uid="uid://ch67ij5hjc6a6" path="res://3D/Models/CarCoffin5.gltf" id="18_cxw7u"]
[ext_resource type="PackedScene" uid="uid://e66qnpu7wvjk" path="res://3D/Models/Background_PalmTree.gltf" id="18_pgw7i"]
[ext_resource type="PackedScene" uid="uid://c7ygpr77u4kps" path="res://3D/Prototype/Kenney_Racing/barrierRed.glb" id="19_gipt1"]
[ext_resource type="PackedScene" uid="uid://d32xh8mm5l2w4" path="res://3D/Models/CarCoffin6.gltf" id="19_jmmro"]
[ext_resource type="PackedScene" uid="uid://d4ng0tjg783vj" path="res://3D/Models/CarCoffin7.gltf" id="20_vgicg"]

[sub_resource type="PlaneMesh" id="PlaneMesh_wni78"]
size = Vector2(256, 256)

[sub_resource type="StandardMaterial3D" id="StandardMaterial3D_nes3m"]
albedo_texture = ExtResource("2_6vvcf")
uv1_scale = Vector3(32, 32, 32)

[sub_resource type="WorldBoundaryShape3D" id="WorldBoundaryShape3D_vy56e"]

[sub_resource type="PanoramaSkyMaterial" id="PanoramaSkyMaterial_g0og0"]
panorama = ExtResource("3_cr6v8")

[sub_resource type="Sky" id="Sky_km00y"]
sky_material = SubResource("PanoramaSkyMaterial_g0og0")

[sub_resource type="Environment" id="Environment_7ms41"]
background_mode = 2
sky = SubResource("Sky_km00y")

[sub_resource type="BoxShape3D" id="BoxShape3D_ggkdx"]
size = Vector3(1.31453, 0.968048, 3.21506)

[sub_resource type="StandardMaterial3D" id="StandardMaterial3D_3syrs"]
albedo_texture = ExtResource("2_6vvcf")

[sub_resource type="SphereMesh" id="SphereMesh_yr35r"]
radius = 1.0
height = 2.0

[sub_resource type="PhysicsMaterial" id="PhysicsMaterial_ni8gw"]
bounce = 0.1

[sub_resource type="SphereShape3D" id="SphereShape3D_7ms41"]
radius = 0.8

[sub_resource type="StyleBoxFlat" id="StyleBoxFlat_ry528"]
bg_color = Color(0.219608, 0.105882, 0.607843, 1)
border_width_left = 3
border_width_top = 3
border_width_right = 3
border_width_bottom = 3

[sub_resource type="StyleBoxEmpty" id="StyleBoxEmpty_yhlfj"]

[node name="Node3D" type="Node3D"]

[node name="Level Geometry" type="Node" parent="."]

[node name="DirectionalLight3D" type="DirectionalLight3D" parent="Level Geometry"]
transform = Transform3D(0.16329, 0.734871, -0.658256, 0, 0.667211, 0.744869, 0.986578, -0.12163, 0.108949, -8.68963, 9.91288, 1.39199)

[node name="LevelEight" parent="Level Geometry" instance=ExtResource("2_124qp")]

[node name="Floor" type="StaticBody3D" parent="Level Geometry"]
collision_layer = 5
collision_mask = 5

[node name="Floor" type="MeshInstance3D" parent="Level Geometry/Floor"]
visible = false
mesh = SubResource("PlaneMesh_wni78")
skeleton = NodePath("../../..")
surface_material_override/0 = SubResource("StandardMaterial3D_nes3m")

[node name="CollisionShape3D" type="CollisionShape3D" parent="Level Geometry/Floor"]
shape = SubResource("WorldBoundaryShape3D_vy56e")

[node name="Background Assets" parent="Level Geometry" instance=ExtResource("16_yhlfj")]
transform = Transform3D(34.2146, 0, 36.4604, 0, 50, 0, -36.4604, 0, 34.2146, -3216.27, 0.155244, 303.423)

[node name="Background_Graveyard2" parent="Level Geometry/Background Assets" instance=ExtResource("17_gipt1")]
transform = Transform3D(-0.979508, 0, -0.201403, 0, 1, 0, 0.201403, 0, -0.979508, 41.83, 0, 0.324329)

[node name="Background_BeachHouse3" parent="Level Geometry/Background Assets" instance=ExtResource("16_yhlfj")]
transform = Transform3D(-0.0322306, 0, 0.99948, 0, 1, 0, -0.99948, 0, -0.0322306, 17.0808, 0, 63.8632)

[node name="Background_Graveyard3" parent="Level Geometry/Background Assets" instance=ExtResource("17_gipt1")]
transform = Transform3D(0.232868, 0, -0.972508, 0, 1, 0, 0.972508, 0, 0.232868, 16.0567, 0, 22.0446)

[node name="Background_BeachHouse4" parent="Level Geometry/Background Assets" instance=ExtResource("16_yhlfj")]
transform = Transform3D(-0.545561, 0, -0.838071, 0, 1, 0, 0.838071, 0, -0.545561, 110.707, 0, 19.6756)

[node name="Background_Graveyard4" parent="Level Geometry/Background Assets" instance=ExtResource("17_gipt1")]
transform = Transform3D(0.365592, 0, 0.930775, 0, 1, 0, -0.930775, 0, 0.365592, 87.6141, 0, 54.5551)

[node name="Background_Graveyard5" parent="Level Geometry/Background Assets" instance=ExtResource("17_gipt1")]
transform = Transform3D(-0.942075, 0, 0.335402, 0, 1, 0, -0.335402, 0, -0.942075, 58.4404, 0, 17.4793)

[node name="Background_PalmTree2" parent="Level Geometry/Background Assets" instance=ExtResource("18_pgw7i")]
transform = Transform3D(0.52562, 0, 0.850719, 0, 1, 0, -0.850719, 0, 0.52562, 50.5278, 0, -63.0763)

[node name="Background_PalmTree3" parent="Level Geometry/Background Assets/Background_PalmTree2" instance=ExtResource("18_pgw7i")]
transform = Transform3D(0.225716, 0, 0.974193, 0, 1, 0, -0.974193, 0, 0.225716, -4.02957, -0.113459, -0.929859)

[node name="Background_PalmTree4" parent="Level Geometry/Background Assets/Background_PalmTree2" instance=ExtResource("18_pgw7i")]
transform = Transform3D(1, 0, -2.98023e-08, 0, 1, 0, 2.98023e-08, 0, 1, -2.8396, 0, -1.19652)

[node name="Background_PalmTree5" parent="Level Geometry/Background Assets/Background_PalmTree2" instance=ExtResource("18_pgw7i")]
transform = Transform3D(0.225716, 0, 0.974193, 0, 1, 0, -0.974193, 0, 0.225716, -6.86917, -0.113459, -2.12637)

[node name="Background_PalmTree6" parent="Level Geometry/Background Assets/Background_PalmTree2" instance=ExtResource("18_pgw7i")]
transform = Transform3D(1, 0, -2.98023e-08, 0, 1, 0, 2.98023e-08, 0, 1, -8.71723, 0, -2.2356)

[node name="Background_PalmTree7" parent="Level Geometry/Background Assets/Background_PalmTree2" instance=ExtResource("18_pgw7i")]
transform = Transform3D(0.225716, 0, 0.974193, 0, 1, 0, -0.974193, 0, 0.225716, -12.7468, -0.113459, -3.16545)

[node name="Background_PalmTree8" parent="Level Geometry/Background Assets/Background_PalmTree2" instance=ExtResource("18_pgw7i")]
transform = Transform3D(1, 0, -2.98023e-08, 0, 1, 0, 2.98023e-08, 0, 1, -11.5568, 0, -3.43212)

[node name="Background_PalmTree9" parent="Level Geometry/Background Assets/Background_PalmTree2" instance=ExtResource("18_pgw7i")]
transform = Transform3D(0.225716, 0, 0.974193, 0, 1, 0, -0.974193, 0, 0.225716, -15.5864, -0.113459, -4.36197)

[node name="Background_PalmTree10" parent="Level Geometry/Background Assets/Background_PalmTree2" instance=ExtResource("18_pgw7i")]
transform = Transform3D(1, 0, -2.98023e-08, 0, 1, 0, 2.98023e-08, 0, 1, -16.381, 0.374647, -2.92112)

[node name="Background_PalmTree11" parent="Level Geometry/Background Assets/Background_PalmTree2" instance=ExtResource("18_pgw7i")]
transform = Transform3D(0.225716, 0, 0.974193, 0, 1, 0, -0.974193, 0, 0.225716, -20.4106, 0.261188, -3.85098)

[node name="Background_PalmTree12" parent="Level Geometry/Background Assets/Background_PalmTree2" instance=ExtResource("18_pgw7i")]
transform = Transform3D(1, 0, -2.98023e-08, 0, 1, 0, 2.98023e-08, 0, 1, -19.2206, 0.374647, -4.11764)

[node name="Background_PalmTree13" parent="Level Geometry/Background Assets/Background_PalmTree2" instance=ExtResource("18_pgw7i")]
transform = Transform3D(0.225716, 0, 0.974193, 0, 1, 0, -0.974193, 0, 0.225716, -23.2502, 0.261188, -5.04749)

[node name="Background_PalmTree14" parent="Level Geometry/Background Assets/Background_PalmTree2" instance=ExtResource("18_pgw7i")]
transform = Transform3D(1, 0, -2.98023e-08, 0, 1, 0, 2.98023e-08, 0, 1, -25.0982, 0.374647, -5.15672)

[node name="Background_PalmTree15" parent="Level Geometry/Background Assets/Background_PalmTree2" instance=ExtResource("18_pgw7i")]
transform = Transform3D(0.225716, 0, 0.974193, 0, 1, 0, -0.974193, 0, 0.225716, -29.1278, 0.261188, -6.08657)

[node name="Background_PalmTree16" parent="Level Geometry/Background Assets/Background_PalmTree2" instance=ExtResource("18_pgw7i")]
transform = Transform3D(1, 0, -2.98023e-08, 0, 1, 0, 2.98023e-08, 0, 1, -27.9378, 0.374647, -6.35324)

[node name="Background_PalmTree17" parent="Level Geometry/Background Assets/Background_PalmTree2" instance=ExtResource("18_pgw7i")]
transform = Transform3D(0.225716, 0, 0.974193, 0, 1, 0, -0.974193, 0, 0.225716, -31.9674, 0.261188, -7.28309)

[node name="Background_PalmTree18" parent="Level Geometry/Background Assets/Background_PalmTree2" instance=ExtResource("18_pgw7i")]
transform = Transform3D(1, 0, -2.98023e-08, 0, 1, 0, 2.98023e-08, 0, 1, -32.708, 0, -7.67148)

[node name="Background_PalmTree19" parent="Level Geometry/Background Assets/Background_PalmTree2" instance=ExtResource("18_pgw7i")]
transform = Transform3D(0.225716, 0, 0.974193, 0, 1, 0, -0.974193, 0, 0.225716, -36.7376, -0.113459, -8.60134)

[node name="Background_PalmTree20" parent="Level Geometry/Background Assets/Background_PalmTree2" instance=ExtResource("18_pgw7i")]
transform = Transform3D(1, 0, -2.98023e-08, 0, 1, 0, 2.98023e-08, 0, 1, -35.5476, 0, -8.868)

[node name="Background_PalmTree21" parent="Level Geometry/Background Assets/Background_PalmTree2" instance=ExtResource("18_pgw7i")]
transform = Transform3D(0.225716, 0, 0.974193, 0, 1, 0, -0.974193, 0, 0.225716, -39.5772, -0.113459, -9.79786)

[node name="Background_PalmTree22" parent="Level Geometry/Background Assets/Background_PalmTree2" instance=ExtResource("18_pgw7i")]
transform = Transform3D(1, 0, -2.98023e-08, 0, 1, 0, 2.98023e-08, 0, 1, -41.4252, 0, -9.90709)

[node name="Background_PalmTree23" parent="Level Geometry/Background Assets/Background_PalmTree2" instance=ExtResource("18_pgw7i")]
transform = Transform3D(0.225716, 0, 0.974193, 0, 1, 0, -0.974193, 0, 0.225716, -45.4548, -0.113459, -10.8369)

[node name="Background_PalmTree24" parent="Level Geometry/Background Assets/Background_PalmTree2" instance=ExtResource("18_pgw7i")]
transform = Transform3D(1, 0, -2.98023e-08, 0, 1, 0, 2.98023e-08, 0, 1, -44.2648, 0, -11.1036)

[node name="Background_PalmTree25" parent="Level Geometry/Background Assets/Background_PalmTree2" instance=ExtResource("18_pgw7i")]
transform = Transform3D(0.225716, 0, 0.974193, 0, 1, 0, -0.974193, 0, 0.225716, -48.2944, -0.113459, -12.0335)

[node name="Background_PalmTree26" parent="Level Geometry/Background Assets/Background_PalmTree2" instance=ExtResource("18_pgw7i")]
transform = Transform3D(1, 0, -2.98023e-08, 0, 1, 0, 2.98023e-08, 0, 1, -49.089, 0.374647, -10.5926)

[node name="Background_PalmTree27" parent="Level Geometry/Background Assets/Background_PalmTree2" instance=ExtResource("18_pgw7i")]
transform = Transform3D(0.225716, 0, 0.974193, 0, 1, 0, -0.974193, 0, 0.225716, -53.1186, 0.261188, -11.5225)

[node name="Background_PalmTree28" parent="Level Geometry/Background Assets/Background_PalmTree2" instance=ExtResource("18_pgw7i")]
transform = Transform3D(1, 0, -2.98023e-08, 0, 1, 0, 2.98023e-08, 0, 1, -51.9286, 0.374647, -11.7891)

[node name="Background_PalmTree29" parent="Level Geometry/Background Assets/Background_PalmTree2" instance=ExtResource("18_pgw7i")]
transform = Transform3D(0.225716, 0, 0.974193, 0, 1, 0, -0.974193, 0, 0.225716, -55.9582, 0.261188, -12.719)

[node name="Background_PalmTree30" parent="Level Geometry/Background Assets/Background_PalmTree2" instance=ExtResource("18_pgw7i")]
transform = Transform3D(1, 0, -2.98023e-08, 0, 1, 0, 2.98023e-08, 0, 1, -57.8063, 0.374647, -12.8282)

[node name="Background_PalmTree31" parent="Level Geometry/Background Assets/Background_PalmTree2" instance=ExtResource("18_pgw7i")]
transform = Transform3D(0.225716, 0, 0.974193, 0, 1, 0, -0.974193, 0, 0.225716, -61.8358, 0.261188, -13.7581)

[node name="Background_PalmTree32" parent="Level Geometry/Background Assets/Background_PalmTree2" instance=ExtResource("18_pgw7i")]
transform = Transform3D(1, 0, -2.98023e-08, 0, 1, 0, 2.98023e-08, 0, 1, -60.6459, 0.374647, -14.0247)

[node name="Background_PalmTree33" parent="Level Geometry/Background Assets/Background_PalmTree2" instance=ExtResource("18_pgw7i")]
transform = Transform3D(0.225716, 0, 0.974193, 0, 1, 0, -0.974193, 0, 0.225716, -64.6754, 0.261188, -14.9546)

[node name="Background_PalmTree34" parent="Level Geometry/Background Assets/Background_PalmTree2" instance=ExtResource("18_pgw7i")]
transform = Transform3D(0.225716, 0, 0.974193, 0, 1, 0, -0.974193, 0, 0.225716, -68.4221, -0.113459, -16.6132)

[node name="Background_PalmTree35" parent="Level Geometry/Background Assets/Background_PalmTree2" instance=ExtResource("18_pgw7i")]
transform = Transform3D(1, 0, -2.98023e-08, 0, 1, 0, 2.98023e-08, 0, 1, -67.2321, 0, -16.8799)

[node name="Background_PalmTree36" parent="Level Geometry/Background Assets/Background_PalmTree2" instance=ExtResource("18_pgw7i")]
transform = Transform3D(0.225716, 0, 0.974193, 0, 1, 0, -0.974193, 0, 0.225716, -71.2617, -0.113459, -17.8097)

[node name="Background_PalmTree37" parent="Level Geometry/Background Assets/Background_PalmTree2" instance=ExtResource("18_pgw7i")]
transform = Transform3D(1, 0, -2.98023e-08, 0, 1, 0, 2.98023e-08, 0, 1, -73.1097, 0, -17.919)

[node name="Background_PalmTree38" parent="Level Geometry/Background Assets/Background_PalmTree2" instance=ExtResource("18_pgw7i")]
transform = Transform3D(0.225716, 0, 0.974193, 0, 1, 0, -0.974193, 0, 0.225716, -77.1393, -0.113459, -18.8488)

[node name="Background_PalmTree39" parent="Level Geometry/Background Assets/Background_PalmTree2" instance=ExtResource("18_pgw7i")]
transform = Transform3D(1, 0, -2.98023e-08, 0, 1, 0, 2.98023e-08, 0, 1, -75.9493, 0, -19.1155)

[node name="Background_PalmTree40" parent="Level Geometry/Background Assets/Background_PalmTree2" instance=ExtResource("18_pgw7i")]
transform = Transform3D(0.225716, 0, 0.974193, 0, 1, 0, -0.974193, 0, 0.225716, -79.9789, -0.113459, -20.0453)

[node name="Background_PalmTree41" parent="Level Geometry/Background Assets/Background_PalmTree2" instance=ExtResource("18_pgw7i")]
transform = Transform3D(1, 0, -2.98023e-08, 0, 1, 0, 2.98023e-08, 0, 1, -80.7735, 0.374647, -18.6045)

[node name="Background_PalmTree42" parent="Level Geometry/Background Assets/Background_PalmTree2" instance=ExtResource("18_pgw7i")]
transform = Transform3D(0.225716, 0, 0.974193, 0, 1, 0, -0.974193, 0, 0.225716, -84.8031, 0.261188, -19.5343)

[node name="Background_PalmTree43" parent="Level Geometry/Background Assets/Background_PalmTree2" instance=ExtResource("18_pgw7i")]
transform = Transform3D(1, 0, -2.98023e-08, 0, 1, 0, 2.98023e-08, 0, 1, -83.6131, 0.374647, -19.801)

[node name="Background_PalmTree44" parent="Level Geometry/Background Assets/Background_PalmTree2" instance=ExtResource("18_pgw7i")]
transform = Transform3D(0.225716, 0, 0.974193, 0, 1, 0, -0.974193, 0, 0.225716, -87.6427, 0.261188, -20.7308)

[node name="Background_PalmTree45" parent="Level Geometry/Background Assets/Background_PalmTree2" instance=ExtResource("18_pgw7i")]
transform = Transform3D(1, 0, -2.98023e-08, 0, 1, 0, 2.98023e-08, 0, 1, -89.4907, 0.374647, -20.8401)

[node name="Background_PalmTree46" parent="Level Geometry/Background Assets/Background_PalmTree2" instance=ExtResource("18_pgw7i")]
transform = Transform3D(0.225716, 0, 0.974193, 0, 1, 0, -0.974193, 0, 0.225716, -93.5203, 0.261188, -21.7699)

[node name="Background_PalmTree47" parent="Level Geometry/Background Assets/Background_PalmTree2" instance=ExtResource("18_pgw7i")]
transform = Transform3D(1, 0, -2.98023e-08, 0, 1, 0, 2.98023e-08, 0, 1, -92.3304, 0.374647, -22.0366)

[node name="Background_PalmTree48" parent="Level Geometry/Background Assets/Background_PalmTree2" instance=ExtResource("18_pgw7i")]
transform = Transform3D(0.225716, 0, 0.974193, 0, 1, 0, -0.974193, 0, 0.225716, -96.3599, 0.261188, -22.9664)

[node name="Background_PalmTree49" parent="Level Geometry/Background Assets/Background_PalmTree2" instance=ExtResource("18_pgw7i")]
transform = Transform3D(1, 0, -2.98023e-08, 0, 1, 0, 2.98023e-08, 0, 1, -97.1005, 0, -23.3548)

[node name="Background_PalmTree50" parent="Level Geometry/Background Assets/Background_PalmTree2" instance=ExtResource("18_pgw7i")]
transform = Transform3D(0.225716, 0, 0.974193, 0, 1, 0, -0.974193, 0, 0.225716, -101.13, -0.113459, -24.2847)

[node name="Background_PalmTree51" parent="Level Geometry/Background Assets/Background_PalmTree2" instance=ExtResource("18_pgw7i")]
transform = Transform3D(1, 0, -2.98023e-08, 0, 1, 0, 2.98023e-08, 0, 1, -99.9401, 0, -24.5513)

[node name="Background_PalmTree52" parent="Level Geometry/Background Assets/Background_PalmTree2" instance=ExtResource("18_pgw7i")]
transform = Transform3D(0.225716, 0, 0.974193, 0, 1, 0, -0.974193, 0, 0.225716, -103.97, -0.113459, -25.4812)

[node name="Background_PalmTree53" parent="Level Geometry/Background Assets/Background_PalmTree2" instance=ExtResource("18_pgw7i")]
transform = Transform3D(1, 0, -2.98023e-08, 0, 1, 0, 2.98023e-08, 0, 1, -105.818, 0, -25.5904)

[node name="Background_PalmTree54" parent="Level Geometry/Background Assets/Background_PalmTree2" instance=ExtResource("18_pgw7i")]
transform = Transform3D(0.225716, 0, 0.974193, 0, 1, 0, -0.974193, 0, 0.225716, -109.847, -0.113459, -26.5203)

[node name="Background_PalmTree55" parent="Level Geometry/Background Assets/Background_PalmTree2" instance=ExtResource("18_pgw7i")]
transform = Transform3D(1, 0, -2.98023e-08, 0, 1, 0, 2.98023e-08, 0, 1, -108.657, 0, -26.787)

[node name="Background_PalmTree56" parent="Level Geometry/Background Assets/Background_PalmTree2" instance=ExtResource("18_pgw7i")]
transform = Transform3D(0.225716, 0, 0.974193, 0, 1, 0, -0.974193, 0, 0.225716, -112.687, -0.113459, -27.7168)

[node name="Background_PalmTree57" parent="Level Geometry/Background Assets/Background_PalmTree2" instance=ExtResource("18_pgw7i")]
transform = Transform3D(1, 0, -2.98023e-08, 0, 1, 0, 2.98023e-08, 0, 1, -113.482, 0.374647, -26.276)

[node name="Background_PalmTree58" parent="Level Geometry/Background Assets/Background_PalmTree2" instance=ExtResource("18_pgw7i")]
transform = Transform3D(0.225716, 0, 0.974193, 0, 1, 0, -0.974193, 0, 0.225716, -117.511, 0.261188, -27.2058)

[node name="Background_PalmTree59" parent="Level Geometry/Background Assets/Background_PalmTree2" instance=ExtResource("18_pgw7i")]
transform = Transform3D(1, 0, -2.98023e-08, 0, 1, 0, 2.98023e-08, 0, 1, -116.321, 0.374647, -27.4725)

[node name="Background_PalmTree60" parent="Level Geometry/Background Assets/Background_PalmTree2" instance=ExtResource("18_pgw7i")]
transform = Transform3D(0.225716, 0, 0.974193, 0, 1, 0, -0.974193, 0, 0.225716, -120.351, 0.261188, -28.4023)

[node name="Background_PalmTree61" parent="Level Geometry/Background Assets/Background_PalmTree2" instance=ExtResource("18_pgw7i")]
transform = Transform3D(1, 0, -2.98023e-08, 0, 1, 0, 2.98023e-08, 0, 1, -122.199, 0.374647, -28.5116)

[node name="Background_PalmTree62" parent="Level Geometry/Background Assets/Background_PalmTree2" instance=ExtResource("18_pgw7i")]
transform = Transform3D(0.225716, 0, 0.974193, 0, 1, 0, -0.974193, 0, 0.225716, -126.228, 0.261188, -29.4414)

[node name="Background_PalmTree63" parent="Level Geometry/Background Assets/Background_PalmTree2" instance=ExtResource("18_pgw7i")]
transform = Transform3D(1, 0, -2.98023e-08, 0, 1, 0, 2.98023e-08, 0, 1, -125.038, 0.374647, -29.7081)

[node name="Background_PalmTree64" parent="Level Geometry/Background Assets/Background_PalmTree2" instance=ExtResource("18_pgw7i")]
transform = Transform3D(0.225716, 0, 0.974193, 0, 1, 0, -0.974193, 0, 0.225716, -129.068, 0.261188, -30.6379)

[node name="Background_PalmTree65" parent="Level Geometry/Background Assets/Background_PalmTree2" instance=ExtResource("18_pgw7i")]
transform = Transform3D(-0.980968, 0, 0.194166, 0, 1, 0, -0.194166, 0, -0.980968, -133.427, -0.113459, -30.4055)

[node name="Background_PalmTree66" parent="Level Geometry/Background Assets/Background_PalmTree2" instance=ExtResource("18_pgw7i")]
transform = Transform3D(-0.0322656, 0, 0.999479, 0, 1, 0, -0.999479, 0, -0.0322656, -133.731, -4.42378e-09, -31.5862)

[node name="Background_PalmTree67" parent="Level Geometry/Background Assets/Background_PalmTree2" instance=ExtResource("18_pgw7i")]
transform = Transform3D(-0.980968, 0, 0.194166, 0, 1, 0, -0.194166, 0, -0.980968, -134.531, -0.113459, -27.5287)

[node name="Background_PalmTree68" parent="Level Geometry/Background Assets/Background_PalmTree2" instance=ExtResource("18_pgw7i")]
transform = Transform3D(-0.0322656, 0, 0.999479, 0, 1, 0, -0.999479, 0, -0.0322656, -134.58, -4.42378e-09, -25.6781)

[node name="Background_PalmTree69" parent="Level Geometry/Background Assets/Background_PalmTree2" instance=ExtResource("18_pgw7i")]
transform = Transform3D(-0.980968, 0, 0.194166, 0, 1, 0, -0.194166, 0, -0.980968, -135.38, -0.113459, -21.6207)

[node name="Background_PalmTree70" parent="Level Geometry/Background Assets/Background_PalmTree2" instance=ExtResource("18_pgw7i")]
transform = Transform3D(-0.0322656, 0, 0.999479, 0, 1, 0, -0.999479, 0, -0.0322656, -135.685, -4.42378e-09, -22.8014)

[node name="Background_PalmTree71" parent="Level Geometry/Background Assets/Background_PalmTree2" instance=ExtResource("18_pgw7i")]
transform = Transform3D(-0.980968, 0, 0.194166, 0, 1, 0, -0.194166, 0, -0.980968, -136.484, -0.113459, -18.7439)

[node name="Background_PalmTree72" parent="Level Geometry/Background Assets/Background_PalmTree2" instance=ExtResource("18_pgw7i")]
transform = Transform3D(-0.0322656, 0, 0.999479, 0, 1, 0, -0.999479, 0, -0.0322656, -135.018, 0.374647, -17.9962)

[node name="Background_PalmTree73" parent="Level Geometry/Background Assets/Background_PalmTree2" instance=ExtResource("18_pgw7i")]
transform = Transform3D(-0.980968, 0, 0.194166, 0, 1, 0, -0.194166, 0, -0.980968, -135.818, 0.261188, -13.9388)

[node name="Background_PalmTree74" parent="Level Geometry/Background Assets/Background_PalmTree2" instance=ExtResource("18_pgw7i")]
transform = Transform3D(-0.0322656, 0, 0.999479, 0, 1, 0, -0.999479, 0, -0.0322656, -136.122, 0.374647, -15.1195)

[node name="Background_PalmTree75" parent="Level Geometry/Background Assets/Background_PalmTree2" instance=ExtResource("18_pgw7i")]
transform = Transform3D(-0.980968, 0, 0.194166, 0, 1, 0, -0.194166, 0, -0.980968, -136.922, 0.261188, -11.062)

[node name="Background_PalmTree76" parent="Level Geometry/Background Assets/Background_PalmTree2" instance=ExtResource("18_pgw7i")]
transform = Transform3D(-0.0322656, 0, 0.999479, 0, 1, 0, -0.999479, 0, -0.0322656, -136.971, 0.374647, -9.2114)

[node name="Background_PalmTree77" parent="Level Geometry/Background Assets/Background_PalmTree2" instance=ExtResource("18_pgw7i")]
transform = Transform3D(-0.980968, 0, 0.194166, 0, 1, 0, -0.194166, 0, -0.980968, -137.771, 0.261188, -5.1539)

[node name="Background_PalmTree78" parent="Level Geometry/Background Assets/Background_PalmTree2" instance=ExtResource("18_pgw7i")]
transform = Transform3D(-0.0322656, 0, 0.999479, 0, 1, 0, -0.999479, 0, -0.0322656, -138.076, 0.374647, -6.3347)

[node name="Background_PalmTree79" parent="Level Geometry/Background Assets/Background_PalmTree2" instance=ExtResource("18_pgw7i")]
transform = Transform3D(-0.980968, 0, 0.194166, 0, 1, 0, -0.194166, 0, -0.980968, -138.875, 0.261188, -2.27721)

[node name="Background_PalmTree80" parent="Level Geometry/Background Assets/Background_PalmTree2" instance=ExtResource("18_pgw7i")]
transform = Transform3D(-0.0322656, 0, 0.999479, 0, 1, 0, -0.999479, 0, -0.0322656, -139.239, -4.42378e-09, -1.52446)

[node name="Background_PalmTree81" parent="Level Geometry/Background Assets/Background_PalmTree2" instance=ExtResource("18_pgw7i")]
transform = Transform3D(-0.980968, 0, 0.194166, 0, 1, 0, -0.194166, 0, -0.980968, -140.039, -0.113459, 2.53302)

[node name="Background_PalmTree82" parent="Level Geometry/Background Assets/Background_PalmTree2" instance=ExtResource("18_pgw7i")]
transform = Transform3D(-0.0322656, 0, 0.999479, 0, 1, 0, -0.999479, 0, -0.0322656, -140.344, -4.42378e-09, 1.35228)

[node name="Background_PalmTree83" parent="Level Geometry/Background Assets/Background_PalmTree2" instance=ExtResource("18_pgw7i")]
transform = Transform3D(-0.980968, 0, 0.194166, 0, 1, 0, -0.194166, 0, -0.980968, -141.143, -0.113459, 5.40973)

[node name="Background_PalmTree84" parent="Level Geometry/Background Assets/Background_PalmTree2" instance=ExtResource("18_pgw7i")]
transform = Transform3D(-0.0322656, 0, 0.999479, 0, 1, 0, -0.999479, 0, -0.0322656, -141.192, -4.42378e-09, 7.26035)

[node name="Background_PalmTree85" parent="Level Geometry/Background Assets/Background_PalmTree2" instance=ExtResource("18_pgw7i")]
transform = Transform3D(-0.980968, 0, 0.194166, 0, 1, 0, -0.194166, 0, -0.980968, -141.992, -0.113459, 11.3178)

[node name="Background_PalmTree86" parent="Level Geometry/Background Assets/Background_PalmTree2" instance=ExtResource("18_pgw7i")]
transform = Transform3D(-0.0322656, 0, 0.999479, 0, 1, 0, -0.999479, 0, -0.0322656, -142.297, -4.42378e-09, 10.1371)

[node name="Background_PalmTree87" parent="Level Geometry/Background Assets/Background_PalmTree2" instance=ExtResource("18_pgw7i")]
transform = Transform3D(-0.980968, 0, 0.194166, 0, 1, 0, -0.194166, 0, -0.980968, -143.096, -0.113459, 14.1946)

[node name="Background_PalmTree88" parent="Level Geometry/Background Assets/Background_PalmTree2" instance=ExtResource("18_pgw7i")]
transform = Transform3D(-0.0322656, 0, 0.999479, 0, 1, 0, -0.999479, 0, -0.0322656, -141.63, 0.374647, 14.9423)

[node name="Background_PalmTree89" parent="Level Geometry/Background Assets/Background_PalmTree2" instance=ExtResource("18_pgw7i")]
transform = Transform3D(-0.980968, 0, 0.194166, 0, 1, 0, -0.194166, 0, -0.980968, -142.43, 0.261188, 18.9997)

[node name="Background_PalmTree90" parent="Level Geometry/Background Assets/Background_PalmTree2" instance=ExtResource("18_pgw7i")]
transform = Transform3D(-0.0322656, 0, 0.999479, 0, 1, 0, -0.999479, 0, -0.0322656, -142.735, 0.374647, 17.819)

[node name="Background_PalmTree91" parent="Level Geometry/Background Assets/Background_PalmTree2" instance=ExtResource("18_pgw7i")]
transform = Transform3D(-0.980968, 0, 0.194166, 0, 1, 0, -0.194166, 0, -0.980968, -143.534, 0.261188, 21.8765)

[node name="Background_PalmTree92" parent="Level Geometry/Background Assets/Background_PalmTree2" instance=ExtResource("18_pgw7i")]
transform = Transform3D(-0.0322656, 0, 0.999479, 0, 1, 0, -0.999479, 0, -0.0322656, -143.584, 0.374647, 23.7271)

[node name="Background_PalmTree93" parent="Level Geometry/Background Assets/Background_PalmTree2" instance=ExtResource("18_pgw7i")]
transform = Transform3D(-0.980968, 0, 0.194166, 0, 1, 0, -0.194166, 0, -0.980968, -144.383, 0.261188, 27.7846)

[node name="Background_PalmTree94" parent="Level Geometry/Background Assets/Background_PalmTree2" instance=ExtResource("18_pgw7i")]
transform = Transform3D(-0.0322656, 0, 0.999479, 0, 1, 0, -0.999479, 0, -0.0322656, -144.688, 0.374647, 26.6039)

[node name="Background_PalmTree95" parent="Level Geometry/Background Assets/Background_PalmTree2" instance=ExtResource("18_pgw7i")]
transform = Transform3D(-0.980968, 0, 0.194166, 0, 1, 0, -0.194166, 0, -0.980968, -145.487, 0.261188, 30.6613)

[node name="Background_PalmTree96" parent="Level Geometry/Background Assets/Background_PalmTree2" instance=ExtResource("18_pgw7i")]
transform = Transform3D(-0.980968, 0, 0.194166, 0, 1, 0, -0.194166, 0, -0.980968, -147.024, -0.113459, 34.4595)

[node name="Background_PalmTree97" parent="Level Geometry/Background Assets/Background_PalmTree2" instance=ExtResource("18_pgw7i")]
transform = Transform3D(-0.0322656, 0, 0.999479, 0, 1, 0, -0.999479, 0, -0.0322656, -147.329, -4.42378e-09, 33.2788)

[node name="Background_PalmTree98" parent="Level Geometry/Background Assets/Background_PalmTree2" instance=ExtResource("18_pgw7i")]
transform = Transform3D(-0.980968, 0, 0.194166, 0, 1, 0, -0.194166, 0, -0.980968, -148.128, -0.113459, 37.3362)

[node name="Background_PalmTree99" parent="Level Geometry/Background Assets/Background_PalmTree2" instance=ExtResource("18_pgw7i")]
transform = Transform3D(-0.0322656, 0, 0.999479, 0, 1, 0, -0.999479, 0, -0.0322656, -148.178, -4.42378e-09, 39.1869)

[node name="Background_PalmTree100" parent="Level Geometry/Background Assets/Background_PalmTree2" instance=ExtResource("18_pgw7i")]
transform = Transform3D(-0.980968, 0, 0.194166, 0, 1, 0, -0.194166, 0, -0.980968, -148.977, -0.113459, 43.2443)

[node name="Background_PalmTree101" parent="Level Geometry/Background Assets/Background_PalmTree2" instance=ExtResource("18_pgw7i")]
transform = Transform3D(-0.0322656, 0, 0.999479, 0, 1, 0, -0.999479, 0, -0.0322656, -149.282, -4.42378e-09, 42.0636)

[node name="Background_PalmTree102" parent="Level Geometry/Background Assets/Background_PalmTree2" instance=ExtResource("18_pgw7i")]
transform = Transform3D(-0.980968, 0, 0.194166, 0, 1, 0, -0.194166, 0, -0.980968, -150.081, -0.113459, 46.121)

[node name="Background_PalmTree103" parent="Level Geometry/Background Assets/Background_PalmTree2" instance=ExtResource("18_pgw7i")]
transform = Transform3D(-0.0322656, 0, 0.999479, 0, 1, 0, -0.999479, 0, -0.0322656, -148.616, 0.374647, 46.8688)

[node name="Background_PalmTree104" parent="Level Geometry/Background Assets/Background_PalmTree2" instance=ExtResource("18_pgw7i")]
transform = Transform3D(-0.980968, 0, 0.194166, 0, 1, 0, -0.194166, 0, -0.980968, -149.415, 0.261188, 50.9262)

[node name="Background_PalmTree105" parent="Level Geometry/Background Assets/Background_PalmTree2" instance=ExtResource("18_pgw7i")]
transform = Transform3D(-0.0322656, 0, 0.999479, 0, 1, 0, -0.999479, 0, -0.0322656, -149.72, 0.374647, 49.7455)

[node name="Background_PalmTree106" parent="Level Geometry/Background Assets/Background_PalmTree2" instance=ExtResource("18_pgw7i")]
transform = Transform3D(-0.980968, 0, 0.194166, 0, 1, 0, -0.194166, 0, -0.980968, -150.519, 0.261188, 53.803)

[node name="Background_PalmTree107" parent="Level Geometry/Background Assets/Background_PalmTree2" instance=ExtResource("18_pgw7i")]
transform = Transform3D(-0.0322656, 0, 0.999479, 0, 1, 0, -0.999479, 0, -0.0322656, -150.569, 0.374647, 55.6536)

[node name="Background_PalmTree108" parent="Level Geometry/Background Assets/Background_PalmTree2" instance=ExtResource("18_pgw7i")]
transform = Transform3D(-0.980968, 0, 0.194166, 0, 1, 0, -0.194166, 0, -0.980968, -151.368, 0.261188, 59.7111)

[node name="Background_PalmTree109" parent="Level Geometry/Background Assets/Background_PalmTree2" instance=ExtResource("18_pgw7i")]
transform = Transform3D(-0.0322656, 0, 0.999479, 0, 1, 0, -0.999479, 0, -0.0322656, -151.673, 0.374647, 58.5303)

[node name="Background_PalmTree110" parent="Level Geometry/Background Assets/Background_PalmTree2" instance=ExtResource("18_pgw7i")]
transform = Transform3D(-0.980968, 0, 0.194166, 0, 1, 0, -0.194166, 0, -0.980968, -152.473, 0.261188, 62.5878)

[node name="Background_PalmTree111" parent="Level Geometry/Background Assets/Background_PalmTree2" instance=ExtResource("18_pgw7i")]
transform = Transform3D(-0.0322656, 0, 0.999479, 0, 1, 0, -0.999479, 0, -0.0322656, -152.837, -4.42378e-09, 63.3405)

[node name="Background_PalmTree112" parent="Level Geometry/Background Assets/Background_PalmTree2" instance=ExtResource("18_pgw7i")]
transform = Transform3D(-0.980968, 0, 0.194166, 0, 1, 0, -0.194166, 0, -0.980968, -153.636, -0.113459, 67.398)

[node name="Background_PalmTree113" parent="Level Geometry/Background Assets/Background_PalmTree2" instance=ExtResource("18_pgw7i")]
transform = Transform3D(-0.0322656, 0, 0.999479, 0, 1, 0, -0.999479, 0, -0.0322656, -153.941, -4.42378e-09, 66.2172)

[node name="Background_PalmTree114" parent="Level Geometry/Background Assets/Background_PalmTree2" instance=ExtResource("18_pgw7i")]
transform = Transform3D(-0.980968, 0, 0.194166, 0, 1, 0, -0.194166, 0, -0.980968, -154.74, -0.113459, 70.2747)

[node name="Background_PalmTree115" parent="Level Geometry/Background Assets/Background_PalmTree2" instance=ExtResource("18_pgw7i")]
transform = Transform3D(-0.0322656, 0, 0.999479, 0, 1, 0, -0.999479, 0, -0.0322656, -154.79, -4.42378e-09, 72.1254)

[node name="Background_PalmTree116" parent="Level Geometry/Background Assets/Background_PalmTree2" instance=ExtResource("18_pgw7i")]
transform = Transform3D(-0.980968, 0, 0.194166, 0, 1, 0, -0.194166, 0, -0.980968, -155.589, -0.113459, 76.1828)

[node name="Background_PalmTree117" parent="Level Geometry/Background Assets/Background_PalmTree2" instance=ExtResource("18_pgw7i")]
transform = Transform3D(-0.0322656, 0, 0.999479, 0, 1, 0, -0.999479, 0, -0.0322656, -155.894, -4.42378e-09, 75.0021)

[node name="Background_PalmTree118" parent="Level Geometry/Background Assets/Background_PalmTree2" instance=ExtResource("18_pgw7i")]
transform = Transform3D(-0.980968, 0, 0.194166, 0, 1, 0, -0.194166, 0, -0.980968, -156.694, -0.113459, 79.0595)

[node name="Background_PalmTree119" parent="Level Geometry/Background Assets/Background_PalmTree2" instance=ExtResource("18_pgw7i")]
transform = Transform3D(-0.0322656, 0, 0.999479, 0, 1, 0, -0.999479, 0, -0.0322656, -155.228, 0.374647, 79.8073)

[node name="Background_PalmTree120" parent="Level Geometry/Background Assets/Background_PalmTree2" instance=ExtResource("18_pgw7i")]
transform = Transform3D(-0.980968, 0, 0.194166, 0, 1, 0, -0.194166, 0, -0.980968, -156.027, 0.261188, 83.8648)

[node name="Background_PalmTree121" parent="Level Geometry/Background Assets/Background_PalmTree2" instance=ExtResource("18_pgw7i")]
transform = Transform3D(-0.0322656, 0, 0.999479, 0, 1, 0, -0.999479, 0, -0.0322656, -156.332, 0.374647, 82.684)

[node name="Background_PalmTree122" parent="Level Geometry/Background Assets/Background_PalmTree2" instance=ExtResource("18_pgw7i")]
transform = Transform3D(-0.980968, 0, 0.194166, 0, 1, 0, -0.194166, 0, -0.980968, -157.132, 0.261188, 86.7415)

[node name="Background_PalmTree123" parent="Level Geometry/Background Assets/Background_PalmTree2" instance=ExtResource("18_pgw7i")]
transform = Transform3D(-0.0322656, 0, 0.999479, 0, 1, 0, -0.999479, 0, -0.0322656, -157.181, 0.374647, 88.5921)

[node name="Background_PalmTree124" parent="Level Geometry/Background Assets/Background_PalmTree2" instance=ExtResource("18_pgw7i")]
transform = Transform3D(-0.980968, 0, 0.194166, 0, 1, 0, -0.194166, 0, -0.980968, -157.98, 0.261188, 92.6496)

[node name="Background_PalmTree125" parent="Level Geometry/Background Assets/Background_PalmTree2" instance=ExtResource("18_pgw7i")]
transform = Transform3D(-0.0322656, 0, 0.999479, 0, 1, 0, -0.999479, 0, -0.0322656, -158.285, 0.374647, 91.4688)

[node name="Background_PalmTree126" parent="Level Geometry/Background Assets/Background_PalmTree2" instance=ExtResource("18_pgw7i")]
transform = Transform3D(-0.980968, 0, 0.194166, 0, 1, 0, -0.194166, 0, -0.980968, -159.085, 0.261188, 95.5263)

[node name="Background_PalmTree127" parent="Level Geometry/Background Assets/Background_PalmTree2" instance=ExtResource("18_pgw7i")]
transform = Transform3D(-0.234616, 0, -0.972088, 0, 1, 0, 0.972088, 0, -0.234616, -160.039, -0.113459, 98.0736)

[node name="Background_PalmTree128" parent="Level Geometry/Background Assets/Background_PalmTree2" instance=ExtResource("18_pgw7i")]
transform = Transform3D(-0.999958, 0, 0.00914529, 0, 1, 0, -0.00914529, 0, -0.999958, -161.232, -4.42378e-09, 98.3293)

[node name="Background_PalmTree129" parent="Level Geometry/Background Assets/Background_PalmTree2" instance=ExtResource("18_pgw7i")]
transform = Transform3D(-0.234616, 0, -0.972088, 0, 1, 0, 0.972088, 0, -0.234616, -157.211, -0.113459, 99.296)

[node name="Background_PalmTree130" parent="Level Geometry/Background Assets/Background_PalmTree2" instance=ExtResource("18_pgw7i")]
transform = Transform3D(-0.999958, 0, 0.00914529, 0, 1, 0, -0.00914529, 0, -0.999958, -155.364, -4.42378e-09, 99.4221)

[node name="Background_PalmTree131" parent="Level Geometry/Background Assets/Background_PalmTree2" instance=ExtResource("18_pgw7i")]
transform = Transform3D(-0.234616, 0, -0.972088, 0, 1, 0, 0.972088, 0, -0.234616, -151.343, -0.113459, 100.389)

[node name="Background_PalmTree132" parent="Level Geometry/Background Assets/Background_PalmTree2" instance=ExtResource("18_pgw7i")]
transform = Transform3D(-0.999958, 0, 0.00914529, 0, 1, 0, -0.00914529, 0, -0.999958, -152.535, -4.42378e-09, 100.645)

[node name="Background_PalmTree133" parent="Level Geometry/Background Assets/Background_PalmTree2" instance=ExtResource("18_pgw7i")]
transform = Transform3D(-0.234616, 0, -0.972088, 0, 1, 0, 0.972088, 0, -0.234616, -148.514, -0.113459, 101.611)

[node name="Background_PalmTree134" parent="Level Geometry/Background Assets/Background_PalmTree2" instance=ExtResource("18_pgw7i")]
transform = Transform3D(-0.999958, 0, 0.00914529, 0, 1, 0, -0.00914529, 0, -0.999958, -147.707, 0.374647, 100.178)

[node name="Background_PalmTree135" parent="Level Geometry/Background Assets/Background_PalmTree2" instance=ExtResource("18_pgw7i")]
transform = Transform3D(-0.234616, 0, -0.972088, 0, 1, 0, 0.972088, 0, -0.234616, -143.686, 0.261188, 101.144)

