[gd_scene load_steps=10 format=3 uid="uid://ctfc78205yqls"]

[ext_resource type="Script" uid="uid://cv0yn3y5gd06l" path="res://3D/Entities/EntityCar.cs" id="1_blb48"]
[ext_resource type="Script" uid="uid://dnlgcp0rpf2mg" path="res://Script/CarController.cs" id="2_n86jx"]
[ext_resource type="PackedScene" uid="uid://bpmfitw8wc80d" path="res://3D/Cars/car_player.tscn" id="3_1tss7"]
[ext_resource type="Script" uid="uid://ck54vpeavsd5i" path="res://3D/Entities/EntityRigidbody3D.cs" id="4_kc0nu"]
[ext_resource type="Texture2D" uid="uid://2h3qmpnq0584" path="res://Texture/7a3584298ef470fe0aafc146c23d34523b045606.png" id="5_ca4vo"]

[sub_resource type="PhysicsMaterial" id="PhysicsMaterial_0pdfm"]
bounce = 0.1

[sub_resource type="SphereShape3D" id="SphereShape3D_r2sr7"]

[sub_resource type="StandardMaterial3D" id="StandardMaterial3D_0pdfm"]
albedo_texture = ExtResource("5_ca4vo")

[sub_resource type="SphereMesh" id="SphereMesh_ggkdx"]

[node name="CarEntity" type="Node3D" node_paths=PackedStringArray("_carController")]
transform = Transform3D(0.999983, 0.002832, 0.00515023, -0.00285934, 0.999982, 0.00530685, -0.0051351, -0.00532149, 0.999973, 0, 0, 0)
script = ExtResource("1_blb48")
_carController = NodePath("CarController")
metadata/_custom_type_script = "uid://v2v2l1vx325s"

[node name="CarController" type="Node3D" parent="." node_paths=PackedStringArray("_rb", "_camera3D")]
transform = Transform3D(1, 0, 0, 0, 1, 0, 0, 0, 1, -0.514817, 0.803603, -7.93579)
script = ExtResource("2_n86jx")
_rb = NodePath("../Physics")
_camera3D = NodePath("")
Acceleration = 0.2
BrakeStrength = 0.08
reverseAcceleration = 0.1
MaxSpeed = 20.0
maxReverseSpeed = -5.0
steering = 11.0
turnSpeed = 10.0
minimumTurnSpeed = 1.0
GroundDistance = 0.5

[node name="GroundCheck" type="Node3D" parent="CarController"]
transform = Transform3D(1, 0, 0, 0, 1, 0, 0, 0, 1, 0, -0.440059, 0)

[node name="IdealCameraLocation" type="Node3D" parent="CarController"]
transform = Transform3D(-0.999889, -0.000312992, 0.0148878, 0, 0.999779, 0.0210188, -0.0148911, 0.0210164, -0.999668, -0.000763688, 1.09773, -3.21964)

[node name="Lookat" type="Node3D" parent="CarController"]
transform = Transform3D(-0.999326, 0.00258939, 0.0366111, 0, 0.997508, -0.0705508, -0.0367025, -0.0705033, -0.996836, 0, 0.0906405, 33.927)

[node name="player_car" parent="CarController" instance=ExtResource("3_1tss7")]
transform = Transform3D(-1, 0, -8.74228e-08, 0, 1, 0, 8.74228e-08, 0, -1, 0, -0.540508, 0)

[node name="GroundCheckRaycast" type="RayCast3D" parent="CarController"]
target_position = Vector3(0, -0.75, 0)

[node name="Physics" type="RigidBody3D" parent="." node_paths=PackedStringArray("Entity")]
transform = Transform3D(1, 0, 0, 0, 1, 0, 0, 0, 1, -0.539886, 0.651827, -7.84318)
collision_mask = 3
mass = 5.0
physics_material_override = SubResource("PhysicsMaterial_0pdfm")
gravity_scale = 2.0
continuous_cd = true
linear_damp = 0.5
angular_damp = 3.0
script = ExtResource("4_kc0nu")
Entity = NodePath("..")

[node name="CollisionShape3D" type="CollisionShape3D" parent="Physics"]
shape = SubResource("SphereShape3D_r2sr7")
debug_color = Color(0.0823529, 0.462745, 0, 1)

[node name="MeshInstance3D" type="MeshInstance3D" parent="Physics"]
visible = false
material_override = SubResource("StandardMaterial3D_0pdfm")
mesh = SubResource("SphereMesh_ggkdx")
